100, 100, 858208.0, 2541.0
100, 100, 56875.0, 2500.0
100, 100, 59667.0, 1792.0
100, 100, 38625.0, 1834.0
100, 100, 25667.0, 1542.0
100, 100, 18375.0, 1583.0
100, 100, 17458.0, 1667.0
100, 100, 15959.0, 1541.0
100, 100, 23208.0, 1709.0
100, 100, 25000.0, 1708.0
100, 100, 21625.0, 2084.0
100, 100, 18667.0, 1750.0
100, 100, 20042.0, 1750.0
100, 100, 15125.0, 1541.0
100, 100, 14167.0, 1708.0
100, 100, 37125.0, 1708.0
100, 100, 29917.0, 1750.0
100, 100, 19583.0, 1708.0
100, 100, 18709.0, 1833.0
100, 100, 17959.0, 1708.0
100, 100, 17416.0, 2041.0
100, 100, 16625.0, 1583.0
100, 100, 15417.0, 1542.0
100, 100, 33792.0, 1666.0
100, 100, 32458.0, 1708.0
100, 100, 17958.0, 1667.0
100, 100, 16458.0, 1833.0
100, 100, 14375.0, 1750.0
100, 100, 14084.0, 1750.0
100, 100, 27833.0, 1750.0
100, 50, 129916.0, 2208.0
100, 50, 29625.0, 1625.0
100, 50, 22666.0, 1542.0
100, 50, 26667.0, 2042.0
100, 50, 31333.0, 1916.0
100, 50, 23333.0, 1583.0
100, 50, 15542.0, 1542.0
100, 50, 15083.0, 1500.0
100, 50, 20709.0, 1667.0
100, 50, 35167.0, 1750.0
100, 50, 26250.0, 2042.0
100, 50, 31208.0, 1833.0
100, 50, 26708.0, 1625.0
100, 50, 24834.0, 1666.0
100, 50, 30166.0, 1875.0
100, 50, 27750.0, 1583.0
100, 50, 18958.0, 1708.0
100, 50, 19583.0, 1584.0
100, 50, 21458.0, 1542.0
100, 50, 19333.0, 1625.0
100, 50, 24583.0, 1833.0
100, 50, 19625.0, 2208.0
100, 50, 21458.0, 1750.0
100, 50, 29125.0, 1625.0
100, 50, 29583.0, 1667.0
100, 50, 27833.0, 1875.0
100, 50, 29375.0, 1625.0
100, 50, 23833.0, 1625.0
100, 50, 19334.0, 1708.0
100, 50, 18583.0, 1625.0
100, 34, 153250.0, 1875.0
100, 34, 32542.0, 3000.0
100, 34, 31333.0, 1708.0
100, 34, 28959.0, 2000.0
100, 34, 28333.0, 1708.0
100, 34, 30750.0, 1750.0
100, 34, 36041.0, 2208.0
100, 34, 28500.0, 1791.0
100, 34, 27917.0, 2084.0
100, 34, 20125.0, 1584.0
100, 34, 13750.0, 1542.0
100, 34, 21375.0, 2750.0
100, 34, 16792.0, 1583.0
100, 34, 31542.0, 1833.0
100, 34, 27000.0, 1750.0
100, 34, 26541.0, 1584.0
100, 34, 22542.0, 1542.0
100, 34, 25250.0, 1584.0
100, 34, 15791.0, 1541.0
100, 34, 14250.0, 1500.0
100, 34, 15334.0, 1667.0
100, 34, 30541.0, 2667.0
100, 34, 18917.0, 1667.0
100, 34, 14625.0, 1792.0
100, 34, 16083.0, 1584.0
100, 34, 18291.0, 1625.0
100, 34, 22000.0, 1792.0
100, 34, 27792.0, 1625.0
100, 34, 32333.0, 1708.0
100, 34, 16750.0, 1667.0
100, 25, 112167.0, 1667.0
100, 25, 14917.0, 1792.0
100, 25, 18375.0, 2042.0
100, 25, 20042.0, 1666.0
100, 25, 24209.0, 1708.0
100, 25, 16250.0, 1583.0
100, 25, 14000.0, 1542.0
100, 25, 14208.0, 1542.0
100, 25, 23459.0, 1667.0
100, 25, 27292.0, 1625.0
100, 25, 23458.0, 1709.0
100, 25, 23459.0, 1583.0
100, 25, 27083.0, 4458.0
100, 25, 27791.0, 1667.0
100, 25, 19708.0, 1792.0
100, 25, 14542.0, 417.0
100, 25, 12791.0, 375.0
100, 25, 11458.0, 375.0
100, 25, 16541.0, 334.0
100, 25, 19125.0, 417.0
100, 25, 17166.0, 417.0
100, 25, 25000.0, 458.0
100, 25, 21917.0, 416.0
100, 25, 13542.0, 417.0
100, 25, 17292.0, 375.0
100, 25, 23500.0, 542.0
100, 25, 17125.0, 333.0
100, 25, 17500.0, 375.0
100, 25, 26916.0, 375.0
100, 25, 23667.0, 750.0
100, 20, 120875.0, 625.0
100, 20, 20834.0, 375.0
100, 20, 43750.0, 625.0
100, 20, 22917.0, 375.0
100, 20, 19792.0, 375.0
100, 20, 23042.0, 417.0
100, 20, 26667.0, 500.0
100, 20, 30625.0, 375.0
100, 20, 22958.0, 417.0
100, 20, 32916.0, 417.0
100, 20, 30333.0, 708.0
100, 20, 30083.0, 500.0
100, 20, 21291.0, 375.0
100, 20, 20792.0, 375.0
100, 20, 26625.0, 500.0
100, 20, 23125.0, 500.0
100, 20, 22667.0, 375.0
100, 20, 13584.0, 375.0
100, 20, 15375.0, 333.0
100, 20, 23666.0, 500.0
100, 20, 17625.0, 375.0
100, 20, 11709.0, 375.0
100, 20, 25500.0, 375.0
100, 20, 13833.0, 458.0
100, 20, 24917.0, 500.0
100, 20, 16333.0, 375.0
100, 20, 20667.0, 500.0
100, 20, 28250.0, 500.0
100, 20, 22583.0, 375.0
100, 20, 12750.0, 375.0
100, 17, 112875.0, 417.0
100, 17, 14208.0, 375.0
100, 17, 26834.0, 583.0
100, 17, 15000.0, 375.0
100, 17, 21541.0, 584.0
100, 17, 16500.0, 417.0
100, 17, 13333.0, 417.0
100, 17, 18667.0, 417.0
100, 17, 23625.0, 584.0
100, 17, 23167.0, 333.0
100, 17, 13666.0, 334.0
100, 17, 12167.0, 375.0
100, 17, 16417.0, 375.0
100, 17, 26958.0, 458.0
100, 17, 37333.0, 416.0
100, 17, 26500.0, 500.0
100, 17, 23167.0, 458.0
100, 17, 21875.0, 500.0
100, 17, 26500.0, 667.0
100, 17, 27000.0, 541.0
100, 17, 27834.0, 375.0
100, 17, 23000.0, 417.0
100, 17, 21709.0, 500.0
100, 17, 22250.0, 542.0
100, 17, 23041.0, 625.0
100, 17, 21625.0, 584.0
100, 17, 22791.0, 542.0
100, 17, 21959.0, 584.0
100, 17, 25292.0, 625.0
100, 17, 21334.0, 500.0
100, 15, 128958.0, 417.0
100, 15, 22583.0, 458.0
100, 15, 24458.0, 500.0
100, 15, 25750.0, 541.0
100, 15, 24625.0, 417.0
100, 15, 13667.0, 1583.0
100, 15, 13000.0, 417.0
100, 15, 12500.0, 375.0
100, 15, 12125.0, 333.0
100, 15, 12375.0, 375.0
100, 15, 15625.0, 375.0
100, 15, 16208.0, 709.0
100, 15, 25041.0, 334.0
100, 15, 14542.0, 375.0
100, 15, 13959.0, 333.0
100, 15, 12666.0, 334.0
100, 15, 23792.0, 333.0
100, 15, 26416.0, 458.0
100, 15, 20208.0, 375.0
100, 15, 22583.0, 625.0
100, 15, 23500.0, 542.0
100, 15, 25542.0, 542.0
100, 15, 21583.0, 667.0
100, 15, 22292.0, 625.0
100, 15, 21125.0, 583.0
100, 15, 22625.0, 625.0
100, 15, 23083.0, 541.0
100, 15, 22667.0, 542.0
100, 15, 24667.0, 500.0
100, 15, 16750.0, 333.0
100, 13, 170292.0, 458.0
100, 13, 19916.0, 417.0
100, 13, 23417.0, 625.0
100, 13, 21417.0, 375.0
100, 13, 28000.0, 625.0
100, 13, 25500.0, 708.0
100, 13, 15833.0, 459.0
100, 13, 13833.0, 375.0
100, 13, 17417.0, 542.0
100, 13, 19125.0, 375.0
100, 13, 17292.0, 375.0
100, 13, 12542.0, 375.0
100, 13, 14333.0, 375.0
100, 13, 14208.0, 333.0
100, 13, 12000.0, 375.0
100, 13, 25333.0, 500.0
100, 13, 17125.0, 416.0
100, 13, 15083.0, 417.0
100, 13, 16417.0, 417.0
100, 13, 14917.0, 375.0
100, 13, 19375.0, 333.0
100, 13, 12292.0, 334.0
100, 13, 14083.0, 333.0
100, 13, 27250.0, 666.0
100, 13, 28584.0, 625.0
100, 13, 18000.0, 334.0
100, 13, 34750.0, 416.0
100, 13, 16375.0, 333.0
100, 13, 23792.0, 667.0
100, 13, 26250.0, 500.0
1000, 1000, 115459.0, 2375.0
1000, 1000, 23583.0, 2459.0
1000, 1000, 31042.0, 4250.0
1000, 1000, 22833.0, 2500.0
1000, 1000, 14292.0, 2334.0
1000, 1000, 29500.0, 2458.0
1000, 1000, 21042.0, 2959.0
1000, 1000, 25125.0, 2417.0
1000, 1000, 14583.0, 2375.0
1000, 1000, 29375.0, 2541.0
1000, 1000, 19333.0, 3292.0
1000, 1000, 12792.0, 2334.0
1000, 1000, 12041.0, 2334.0
1000, 1000, 22000.0, 2334.0
1000, 1000, 12958.0, 2334.0
1000, 1000, 16459.0, 2333.0
1000, 1000, 16375.0, 2333.0
1000, 1000, 13375.0, 2333.0
1000, 1000, 12458.0, 2292.0
1000, 1000, 12542.0, 3000.0
1000, 1000, 11041.0, 2333.0
1000, 1000, 29459.0, 2708.0
1000, 1000, 21750.0, 2416.0
1000, 1000, 18375.0, 2334.0
1000, 1000, 12208.0, 2375.0
1000, 1000, 16125.0, 2334.0
1000, 1000, 24625.0, 2542.0
1000, 1000, 22042.0, 2917.0
1000, 1000, 12334.0, 2333.0
1000, 1000, 12042.0, 2333.0
1000, 500, 122625.0, 2500.0
1000, 500, 17875.0, 2333.0
1000, 500, 12250.0, 2333.0
1000, 500, 13208.0, 2417.0
1000, 500, 17375.0, 2291.0
1000, 500, 16666.0, 6708.0
1000, 500, 13125.0, 2375.0
1000, 500, 12000.0, 2333.0
1000, 500, 14917.0, 2375.0
1000, 500, 11459.0, 2292.0
1000, 500, 11208.0, 2334.0
1000, 500, 11042.0, 2375.0
1000, 500, 11125.0, 2333.0
1000, 500, 11417.0, 2959.0
1000, 500, 10958.0, 2375.0
1000, 500, 11041.0, 2416.0
1000, 500, 10958.0, 2375.0
1000, 500, 15792.0, 2375.0
1000, 500, 11833.0, 2292.0
1000, 500, 18625.0, 2333.0
1000, 500, 21500.0, 2375.0
1000, 500, 18958.0, 3500.0
1000, 500, 15666.0, 2334.0
1000, 500, 15250.0, 2333.0
1000, 500, 15208.0, 2375.0
1000, 500, 16542.0, 2291.0
1000, 500, 14666.0, 2458.0
1000, 500, 11959.0, 2333.0
1000, 500, 12125.0, 2375.0
1000, 500, 11250.0, 2333.0
1000, 334, 120833.0, 3042.0
1000, 334, 27291.0, 2333.0
1000, 334, 13333.0, 2334.0
1000, 334, 11042.0, 2333.0
1000, 334, 11541.0, 2333.0
1000, 334, 11208.0, 2334.0
1000, 334, 13167.0, 2333.0
1000, 334, 16250.0, 2334.0
1000, 334, 38542.0, 2958.0
1000, 334, 15417.0, 2375.0
1000, 334, 11666.0, 2375.0
1000, 334, 11834.0, 2333.0
1000, 334, 11416.0, 2375.0
1000, 334, 16000.0, 2334.0
1000, 334, 12375.0, 2333.0
1000, 334, 12166.0, 2333.0
1000, 334, 27500.0, 2834.0
1000, 334, 11084.0, 2333.0
1000, 334, 15625.0, 2417.0
1000, 334, 13167.0, 2334.0
1000, 334, 12458.0, 2334.0
1000, 334, 12791.0, 2333.0
1000, 334, 11417.0, 2333.0
1000, 334, 13666.0, 2291.0
1000, 334, 23959.0, 15250.0
1000, 334, 14875.0, 2333.0
1000, 334, 12292.0, 2333.0
1000, 334, 16584.0, 2333.0
1000, 334, 16125.0, 2375.0
1000, 334, 11291.0, 2333.0
1000, 250, 87709.0, 2375.0
1000, 250, 11625.0, 2333.0
1000, 250, 22042.0, 8792.0
1000, 250, 12334.0, 2333.0
1000, 250, 11250.0, 2334.0
1000, 250, 13417.0, 2375.0
1000, 250, 13959.0, 2458.0
1000, 250, 12708.0, 2375.0
1000, 250, 11500.0, 2334.0
1000, 250, 11250.0, 2375.0
1000, 250, 9000.0, 2333.0
1000, 250, 12208.0, 16750.0
1000, 250, 22125.0, 2542.0
1000, 250, 25166.0, 2584.0
1000, 250, 11500.0, 2417.0
1000, 250, 10166.0, 2375.0
1000, 250, 9958.0, 2333.0
1000, 250, 11708.0, 2334.0
1000, 250, 9416.0, 2334.0
1000, 250, 9917.0, 18625.0
1000, 250, 21334.0, 2333.0
1000, 250, 10834.0, 2375.0
1000, 250, 9333.0, 2333.0
1000, 250, 10084.0, 2333.0
1000, 250, 9417.0, 2334.0
1000, 250, 12875.0, 2333.0
1000, 250, 9875.0, 2333.0
1000, 250, 10083.0, 12500.0
1000, 250, 9250.0, 2375.0
1000, 250, 9875.0, 2333.0
1000, 200, 93583.0, 583.0
1000, 200, 17833.0, 334.0
1000, 200, 15333.0, 333.0
1000, 200, 9791.0, 333.0
1000, 200, 9000.0, 250.0
1000, 200, 9042.0, 334.0
1000, 200, 8708.0, 334.0
1000, 200, 8583.0, 292.0
1000, 200, 12042.0, 292.0
1000, 200, 16250.0, 250.0
1000, 200, 9125.0, 291.0
1000, 200, 15708.0, 750.0
1000, 200, 23167.0, 416.0
1000, 200, 14250.0, 333.0
1000, 200, 10625.0, 333.0
1000, 200, 9750.0, 334.0
1000, 200, 9375.0, 292.0
1000, 200, 23667.0, 1000.0
1000, 200, 23042.0, 583.0
1000, 200, 23375.0, 541.0
1000, 200, 21583.0, 584.0
1000, 200, 15916.0, 375.0
1000, 200, 25417.0, 458.0
1000, 200, 28708.0, 750.0
1000, 200, 25291.0, 542.0
1000, 200, 14125.0, 458.0
1000, 200, 12917.0, 334.0
1000, 200, 10417.0, 500.0
1000, 200, 9917.0, 333.0
1000, 200, 11750.0, 292.0
1000, 167, 116250.0, 375.0
1000, 167, 21042.0, 417.0
1000, 167, 11542.0, 375.0
1000, 167, 10875.0, 292.0
1000, 167, 15292.0, 292.0
1000, 167, 14875.0, 292.0
1000, 167, 15750.0, 375.0
1000, 167, 9416.0, 333.0
1000, 167, 9000.0, 333.0
1000, 167, 12458.0, 500.0
1000, 167, 17333.0, 1667.0
1000, 167, 11167.0, 208.0
1000, 167, 10625.0, 208.0
1000, 167, 14625.0, 208.0
1000, 167, 14250.0, 250.0
1000, 167, 11250.0, 333.0
1000, 167, 9292.0, 208.0
1000, 167, 11458.0, 208.0
1000, 167, 8000.0, 208.0
1000, 167, 10417.0, 208.0
1000, 167, 8292.0, 208.0
1000, 167, 12333.0, 166.0
1000, 167, 7875.0, 208.0
1000, 167, 8458.0, 208.0
1000, 167, 9125.0, 250.0
1000, 167, 16208.0, 542.0
1000, 167, 23708.0, 375.0
1000, 167, 20416.0, 208.0
1000, 167, 11584.0, 208.0
1000, 167, 14209.0, 292.0
1000, 143, 112250.0, 292.0
1000, 143, 13542.0, 250.0
1000, 143, 24500.0, 500.0
1000, 143, 14709.0, 250.0
1000, 143, 20917.0, 667.0
1000, 143, 15000.0, 250.0
1000, 143, 10084.0, 209.0
1000, 143, 8542.0, 209.0
1000, 143, 9334.0, 291.0
1000, 143, 13250.0, 209.0
1000, 143, 13000.0, 208.0
1000, 143, 10000.0, 208.0
1000, 143, 20833.0, 458.0
1000, 143, 27292.0, 500.0
1000, 143, 19792.0, 416.0
1000, 143, 18416.0, 333.0
1000, 143, 18625.0, 500.0
1000, 143, 17750.0, 333.0
1000, 143, 14167.0, 166.0
1000, 143, 8125.0, 250.0
1000, 143, 14667.0, 291.0
1000, 143, 12875.0, 291.0
1000, 143, 10125.0, 167.0
1000, 143, 9959.0, 209.0
1000, 143, 8125.0, 208.0
1000, 143, 7958.0, 250.0
1000, 143, 7917.0, 209.0
1000, 143, 9083.0, 250.0
1000, 143, 7667.0, 166.0
1000, 143, 11917.0, 250.0
1000, 125, 104083.0, 292.0
1000, 125, 8708.0, 250.0
1000, 125, 8416.0, 209.0
1000, 125, 8375.0, 208.0
1000, 125, 11584.0, 208.0
1000, 125, 8334.0, 208.0
1000, 125, 8166.0, 209.0
1000, 125, 8333.0, 250.0
1000, 125, 8000.0, 250.0
1000, 125, 10584.0, 250.0
1000, 125, 8042.0, 250.0
1000, 125, 10541.0, 209.0
1000, 125, 13208.0, 291.0
1000, 125, 11792.0, 166.0
1000, 125, 9791.0, 250.0
1000, 125, 12750.0, 125.0
1000, 125, 22709.0, 375.0
1000, 125, 17834.0, 209.0
1000, 125, 12958.0, 250.0
1000, 125, 11291.0, 292.0
1000, 125, 20583.0, 333.0
1000, 125, 22250.0, 500.0
1000, 125, 19375.0, 459.0
1000, 125, 19542.0, 500.0
1000, 125, 18209.0, 209.0
1000, 125, 23208.0, 542.0
1000, 125, 27708.0, 208.0
1000, 125, 23208.0, 333.0
1000, 125, 19541.0, 208.0
1000, 125, 15750.0, 125.0
10000, 10000, 144333.0, 2334.0
10000, 10000, 17125.0, 2000.0
10000, 10000, 22791.0, 1875.0
10000, 10000, 20625.0, 2041.0
10000, 10000, 13917.0, 1917.0
10000, 10000, 27375.0, 2041.0
10000, 10000, 25750.0, 1958.0
10000, 10000, 17917.0, 1791.0
10000, 10000, 20625.0, 2375.0
10000, 10000, 22625.0, 1959.0
10000, 10000, 18334.0, 2041.0
10000, 10000, 12333.0, 2083.0
10000, 10000, 13791.0, 2041.0
10000, 10000, 32167.0, 1791.0
10000, 10000, 16791.0, 1917.0
10000, 10000, 17125.0, 2667.0
10000, 10000, 29333.0, 2000.0
10000, 10000, 15458.0, 1917.0
10000, 10000, 13208.0, 1959.0
10000, 10000, 27292.0, 1291.0
10000, 10000, 27000.0, 2042.0
10000, 10000, 18000.0, 2000.0
10000, 10000, 22083.0, 1417.0
10000, 10000, 21375.0, 1333.0
10000, 10000, 15916.0, 1917.0
10000, 10000, 12292.0, 1917.0
10000, 10000, 9791.0, 1875.0
10000, 10000, 10958.0, 1875.0
10000, 10000, 21167.0, 2458.0
10000, 10000, 26042.0, 1417.0
10000, 5000, 167833.0, 1542.0
10000, 5000, 24708.0, 1417.0
10000, 5000, 40166.0, 1875.0
10000, 5000, 20125.0, 1875.0
10000, 5000, 19416.0, 1375.0
10000, 5000, 26709.0, 2250.0
10000, 5000, 23167.0, 1959.0
10000, 5000, 15292.0, 1958.0
10000, 5000, 17083.0, 1417.0
10000, 5000, 20083.0, 1916.0
10000, 5000, 15291.0, 2000.0
10000, 5000, 13250.0, 2000.0
10000, 5000, 20500.0, 2583.0
10000, 5000, 32833.0, 2708.0
10000, 5000, 22750.0, 2042.0
10000, 5000, 32542.0, 2333.0
10000, 5000, 65125.0, 1500.0
10000, 5000, 46000.0, 2000.0
10000, 5000, 23167.0, 1750.0
10000, 5000, 13791.0, 1833.0
10000, 5000, 28333.0, 1333.0
10000, 5000, 17000.0, 1750.0
10000, 5000, 13708.0, 1416.0
10000, 5000, 13667.0, 2084.0
10000, 5000, 18917.0, 2167.0
10000, 5000, 22750.0, 1875.0
10000, 5000, 18167.0, 1292.0
10000, 5000, 29541.0, 2250.0
10000, 5000, 21875.0, 1542.0
10000, 5000, 25000.0, 1791.0
10000, 3334, 144334.0, 2042.0
10000, 3334, 11792.0, 1833.0
10000, 3334, 13750.0, 2083.0
10000, 3334, 32417.0, 1166.0
10000, 3334, 14042.0, 1875.0
10000, 3334, 11542.0, 1750.0
10000, 3334, 10666.0, 1750.0
10000, 3334, 11125.0, 2041.0
10000, 3334, 12958.0, 1833.0
10000, 3334, 13458.0, 1958.0
10000, 3334, 11500.0, 2000.0
10000, 3334, 9833.0, 1875.0
10000, 3334, 10000.0, 1833.0
10000, 3334, 16875.0, 2833.0
10000, 3334, 42833.0, 2750.0
10000, 3334, 25542.0, 2667.0
10000, 3334, 18167.0, 1291.0
10000, 3334, 24333.0, 1875.0
10000, 3334, 22959.0, 1375.0
10000, 3334, 17875.0, 2041.0
10000, 3334, 10125.0, 1917.0
10000, 3334, 21541.0, 1417.0
10000, 3334, 30000.0, 1417.0
10000, 3334, 22542.0, 2709.0
10000, 3334, 16167.0, 1833.0
10000, 3334, 25583.0, 2250.0
10000, 3334, 20750.0, 1666.0
10000, 3334, 22792.0, 2083.0
10000, 3334, 14833.0, 1875.0
10000, 3334, 18834.0, 1916.0
10000, 2500, 165209.0, 2250.0
10000, 2500, 23958.0, 1834.0
10000, 2500, 23500.0, 1750.0
10000, 2500, 21875.0, 1833.0
10000, 2500, 26958.0, 2750.0
10000, 2500, 22500.0, 1250.0
10000, 2500, 24167.0, 1250.0
10000, 2500, 19125.0, 1875.0
10000, 2500, 26875.0, 1584.0
10000, 2500, 25250.0, 1417.0
10000, 2500, 29792.0, 1959.0
10000, 2500, 26417.0, 2000.0
10000, 2500, 24292.0, 1708.0
10000, 2500, 14333.0, 1875.0
10000, 2500, 13291.0, 2042.0
10000, 2500, 12000.0, 1333.0
10000, 2500, 20125.0, 2083.0
10000, 2500, 24417.0, 2292.0
10000, 2500, 20375.0, 1833.0
10000, 2500, 23625.0, 2292.0
10000, 2500, 27500.0, 1917.0
10000, 2500, 17750.0, 1292.0
10000, 2500, 11958.0, 1834.0
10000, 2500, 10584.0, 1875.0
10000, 2500, 12375.0, 2083.0
10000, 2500, 30959.0, 1333.0
10000, 2500, 23541.0, 1500.0
10000, 2500, 27583.0, 2166.0
10000, 2500, 20709.0, 1916.0
10000, 2500, 12250.0, 1833.0
10000, 2000, 133875.0, 2083.0
10000, 2000, 15083.0, 1917.0
10000, 2000, 11334.0, 1875.0
10000, 2000, 18041.0, 1959.0
10000, 2000, 11458.0, 1917.0
10000, 2000, 26167.0, 2416.0
10000, 2000, 17625.0, 2000.0
10000, 2000, 10375.0, 1875.0
10000, 2000, 9584.0, 1833.0
10000, 2000, 10625.0, 1833.0
10000, 2000, 9875.0, 1917.0
10000, 2000, 11792.0, 1750.0
10000, 2000, 19000.0, 2291.0
10000, 2000, 14625.0, 1792.0
10000, 2000, 21875.0, 1291.0
10000, 2000, 26958.0, 2541.0
10000, 2000, 17958.0, 2083.0
10000, 2000, 16792.0, 1875.0
10000, 2000, 19208.0, 2875.0
10000, 2000, 26333.0, 1209.0
10000, 2000, 24625.0, 1666.0
10000, 2000, 25584.0, 1625.0
10000, 2000, 22333.0, 1583.0
10000, 2000, 14208.0, 2125.0
10000, 2000, 12500.0, 2083.0
10000, 2000, 12250.0, 1833.0
10000, 2000, 18208.0, 1500.0
10000, 2000, 20709.0, 2750.0
10000, 2000, 16500.0, 1500.0
10000, 2000, 36667.0, 2750.0
10000, 1667, 141916.0, 2209.0
10000, 1667, 17291.0, 2084.0
10000, 1667, 15458.0, 2000.0
10000, 1667, 23792.0, 1917.0
10000, 1667, 23291.0, 2375.0
10000, 1667, 16292.0, 1917.0
10000, 1667, 25792.0, 2083.0
10000, 1667, 14333.0, 1958.0
10000, 1667, 11500.0, 2000.0
10000, 1667, 56750.0, 3167.0
10000, 1667, 25084.0, 1875.0
10000, 1667, 31625.0, 2125.0
10000, 1667, 11916.0, 2250.0
10000, 1667, 10417.0, 1916.0
10000, 1667, 9958.0, 1791.0
10000, 1667, 10750.0, 2125.0
10000, 1667, 10541.0, 1792.0
10000, 1667, 13250.0, 1916.0
10000, 1667, 27000.0, 2875.0
10000, 1667, 20250.0, 2083.0
10000, 1667, 10833.0, 2000.0
10000, 1667, 10708.0, 1916.0
10000, 1667, 11917.0, 1791.0
10000, 1667, 25583.0, 2208.0
10000, 1667, 15375.0, 1334.0
10000, 1667, 20666.0, 1417.0
10000, 1667, 24333.0, 2417.0
10000, 1667, 19541.0, 1917.0
10000, 1667, 15875.0, 2000.0
10000, 1667, 12959.0, 1709.0
10000, 1429, 180875.0, 2875.0
10000, 1429, 13583.0, 1917.0
10000, 1429, 22833.0, 3375.0
10000, 1429, 21042.0, 2041.0
10000, 1429, 16125.0, 2042.0
10000, 1429, 12375.0, 2041.0
10000, 1429, 10667.0, 2208.0
10000, 1429, 26750.0, 2084.0
10000, 1429, 14125.0, 1792.0
10000, 1429, 24833.0, 1958.0
10000, 1429, 14833.0, 1375.0
10000, 1429, 21375.0, 1875.0
10000, 1429, 15250.0, 1833.0
10000, 1429, 10250.0, 2042.0
10000, 1429, 21000.0, 1667.0
10000, 1429, 20209.0, 1541.0
10000, 1429, 19209.0, 2292.0
10000, 1429, 23125.0, 2000.0
10000, 1429, 23000.0, 2667.0
10000, 1429, 19250.0, 1875.0
10000, 1429, 14708.0, 1917.0
10000, 1429, 22916.0, 1750.0
10000, 1429, 12917.0, 2083.0
10000, 1429, 21208.0, 2084.0
10000, 1429, 18000.0, 2000.0
10000, 1429, 15500.0, 1292.0
10000, 1429, 24459.0, 1667.0
10000, 1429, 11833.0, 2000.0
10000, 1429, 8833.0, 1834.0
10000, 1429, 10541.0, 1709.0
10000, 1250, 127834.0, 2209.0
10000, 1250, 11042.0, 2000.0
10000, 1250, 12875.0, 2083.0
10000, 1250, 21833.0, 1791.0
10000, 1250, 10833.0, 1917.0
10000, 1250, 17750.0, 2875.0
10000, 1250, 16417.0, 2125.0
10000, 1250, 27625.0, 2459.0
10000, 1250, 16250.0, 2125.0
10000, 1250, 22333.0, 3458.0
10000, 1250, 23666.0, 2459.0
10000, 1250, 30958.0, 1958.0
10000, 1250, 16667.0, 1958.0
10000, 1250, 16125.0, 2459.0
10000, 1250, 22917.0, 2042.0
10000, 1250, 18792.0, 2000.0
10000, 1250, 14250.0, 2042.0
10000, 1250, 22167.0, 2083.0
10000, 1250, 19792.0, 2583.0
10000, 1250, 12291.0, 1459.0
10000, 1250, 9917.0, 1333.0
10000, 1250, 10792.0, 1791.0
10000, 1250, 12167.0, 2458.0
10000, 1250, 9958.0, 1750.0
10000, 1250, 18500.0, 2417.0
10000, 1250, 21166.0, 2000.0
10000, 1250, 21000.0, 2292.0
10000, 1250, 19375.0, 1625.0
10000, 1250, 14167.0, 1958.0
10000, 1250, 12125.0, 2000.0
100000, 100000, 185708.0, 15000.0
100000, 100000, 46917.0, 16542.0
100000, 100000, 44875.0, 13833.0
100000, 100000, 48292.0, 20875.0
100000, 100000, 42916.0, 16000.0
100000, 100000, 32667.0, 14667.0
100000, 100000, 45584.0, 14542.0
100000, 100000, 42667.0, 17792.0
100000, 100000, 38875.0, 14583.0
100000, 100000, 45208.0, 14667.0
100000, 100000, 42083.0, 14375.0
100000, 100000, 43125.0, 14500.0
100000, 100000, 40750.0, 14625.0
100000, 100000, 35833.0, 14625.0
100000, 100000, 36250.0, 14583.0
100000, 100000, 45542.0, 14500.0
100000, 100000, 43084.0, 14500.0
100000, 100000, 49292.0, 15000.0
100000, 100000, 42375.0, 14666.0
100000, 100000, 42458.0, 14500.0
100000, 100000, 45292.0, 14166.0
100000, 100000, 40875.0, 14042.0
100000, 100000, 29500.0, 14917.0
100000, 100000, 41667.0, 14500.0
100000, 100000, 34833.0, 13792.0
100000, 100000, 37792.0, 14750.0
100000, 100000, 40958.0, 14083.0
100000, 100000, 44084.0, 14083.0
100000, 100000, 47333.0, 15167.0
100000, 100000, 48041.0, 14084.0
100000, 50000, 248792.0, 16292.0
100000, 50000, 56667.0, 13708.0
100000, 50000, 49708.0, 14125.0
100000, 50000, 63292.0, 14083.0
100000, 50000, 86083.0, 16542.0
100000, 50000, 85917.0, 16791.0
100000, 50000, 113542.0, 20459.0
100000, 50000, 75625.0, 16167.0
100000, 50000, 115708.0, 18375.0
100000, 50000, 85541.0, 16875.0
100000, 50000, 92333.0, 20250.0
100000, 50000, 131042.0, 20708.0
100000, 50000, 51625.0, 13708.0
100000, 50000, 107833.0, 16958.0
100000, 50000, 40208.0, 13958.0
100000, 50000, 42917.0, 14167.0
100000, 50000, 35542.0, 13458.0
100000, 50000, 39417.0, 14083.0
100000, 50000, 44709.0, 13917.0
100000, 50000, 38375.0, 14125.0
100000, 50000, 43042.0, 14125.0
100000, 50000, 34542.0, 13583.0
100000, 50000, 33083.0, 13750.0
100000, 50000, 52083.0, 13541.0
100000, 50000, 104292.0, 19458.0
100000, 50000, 36875.0, 14250.0
100000, 50000, 41375.0, 14250.0
100000, 50000, 42667.0, 13959.0
100000, 50000, 31416.0, 13875.0
100000, 50000, 58459.0, 14625.0
100000, 33334, 205000.0, 13625.0
100000, 33334, 75083.0, 13500.0
100000, 33334, 37584.0, 13916.0
100000, 33334, 49833.0, 15917.0
100000, 33334, 30291.0, 14208.0
100000, 33334, 25375.0, 14416.0
100000, 33334, 40958.0, 14167.0
100000, 33334, 44958.0, 14083.0
100000, 33334, 56625.0, 24875.0
100000, 33334, 45292.0, 14000.0
100000, 33334, 34375.0, 13875.0
100000, 33334, 36917.0, 14041.0
100000, 33334, 35042.0, 13958.0
100000, 33334, 33583.0, 13750.0
100000, 33334, 39000.0, 13833.0
100000, 33334, 37084.0, 13625.0
100000, 33334, 56584.0, 14208.0
100000, 33334, 48833.0, 13917.0
100000, 33334, 30375.0, 14250.0
100000, 33334, 43500.0, 14042.0
100000, 33334, 28959.0, 14250.0
100000, 33334, 33916.0, 14125.0
100000, 33334, 41833.0, 17292.0
100000, 33334, 38959.0, 14625.0
100000, 33334, 25834.0, 14291.0
100000, 33334, 39292.0, 17958.0
100000, 33334, 44417.0, 14250.0
100000, 33334, 67417.0, 17750.0
100000, 33334, 88917.0, 17958.0
100000, 33334, 48791.0, 13625.0
100000, 25000, 275583.0, 13792.0
100000, 25000, 41208.0, 14500.0
100000, 25000, 50792.0, 15958.0
100000, 25000, 39042.0, 14250.0
100000, 25000, 50500.0, 15875.0
100000, 25000, 37458.0, 14042.0
100000, 25000, 38375.0, 31625.0
100000, 25000, 31834.0, 16250.0
100000, 25000, 25709.0, 14250.0
100000, 25000, 25833.0, 16292.0
100000, 25000, 33459.0, 15250.0
100000, 25000, 46291.0, 16667.0
100000, 25000, 31083.0, 14041.0
100000, 25000, 28541.0, 14750.0
100000, 25000, 40792.0, 18333.0
100000, 25000, 47041.0, 28917.0
100000, 25000, 35708.0, 13333.0
100000, 25000, 56459.0, 14000.0
100000, 25000, 43792.0, 13958.0
100000, 25000, 29250.0, 13875.0
100000, 25000, 33417.0, 13625.0
100000, 25000, 87666.0, 19917.0
100000, 25000, 73959.0, 18541.0
100000, 25000, 88958.0, 16458.0
100000, 25000, 67292.0, 16208.0
100000, 25000, 94416.0, 16417.0
100000, 25000, 92000.0, 16500.0
100000, 25000, 40083.0, 14417.0
100000, 25000, 48958.0, 14000.0
100000, 25000, 45917.0, 14000.0
100000, 20000, 209625.0, 16500.0
100000, 20000, 41500.0, 14166.0
100000, 20000, 49625.0, 14542.0
100000, 20000, 55166.0, 14375.0
100000, 20000, 107792.0, 14791.0
100000, 20000, 37125.0, 14416.0
100000, 20000, 29250.0, 14250.0
100000, 20000, 41709.0, 13959.0
100000, 20000, 44750.0, 13750.0
100000, 20000, 35708.0, 13875.0
100000, 20000, 30500.0, 14208.0
100000, 20000, 32958.0, 14292.0
100000, 20000, 28625.0, 14166.0
100000, 20000, 27959.0, 14250.0
100000, 20000, 29666.0, 13500.0
100000, 20000, 30041.0, 13709.0
100000, 20000, 28667.0, 13791.0
100000, 20000, 49417.0, 16125.0
100000, 20000, 37333.0, 13833.0
100000, 20000, 73833.0, 17625.0
100000, 20000, 40667.0, 16208.0
100000, 20000, 44541.0, 14167.0
100000, 20000, 49750.0, 13875.0
100000, 20000, 31208.0, 13500.0
100000, 20000, 38708.0, 13917.0
100000, 20000, 27500.0, 14458.0
100000, 20000, 28291.0, 14333.0
100000, 20000, 115500.0, 24625.0
100000, 20000, 52917.0, 13750.0
100000, 20000, 59541.0, 19167.0
100000, 16667, 329583.0, 16166.0
100000, 16667, 29334.0, 14292.0
100000, 16667, 54625.0, 16250.0
100000, 16667, 30375.0, 13667.0
100000, 16667, 59375.0, 16500.0
100000, 16667, 70500.0, 16500.0
100000, 16667, 57667.0, 17291.0
100000, 16667, 77667.0, 65916.0
100000, 16667, 53208.0, 16959.0
100000, 16667, 34625.0, 26125.0
100000, 16667, 37875.0, 14375.0
100000, 16667, 41417.0, 15250.0
100000, 16667, 36375.0, 14375.0
100000, 16667, 36833.0, 13708.0
100000, 16667, 44083.0, 13917.0
100000, 16667, 35250.0, 13959.0
100000, 16667, 35292.0, 14208.0
100000, 16667, 37042.0, 13709.0
100000, 16667, 33459.0, 13875.0
100000, 16667, 38625.0, 14000.0
100000, 16667, 35041.0, 13458.0
100000, 16667, 28625.0, 14459.0
100000, 16667, 38666.0, 14208.0
100000, 16667, 34750.0, 13833.0
100000, 16667, 80167.0, 18000.0
100000, 16667, 43250.0, 15958.0
100000, 16667, 51667.0, 13833.0
100000, 16667, 32125.0, 14458.0
100000, 16667, 24500.0, 14458.0
100000, 16667, 24417.0, 14417.0
100000, 14286, 191333.0, 14542.0
100000, 14286, 30000.0, 14458.0
100000, 14286, 61166.0, 13500.0
100000, 14286, 52833.0, 14291.0
100000, 14286, 61917.0, 14959.0
100000, 14286, 42750.0, 13917.0
100000, 14286, 35250.0, 13708.0
100000, 14286, 39708.0, 13875.0
100000, 14286, 29667.0, 14250.0
100000, 14286, 45458.0, 14583.0
100000, 14286, 42292.0, 13917.0
100000, 14286, 39250.0, 14417.0
100000, 14286, 23459.0, 14417.0
100000, 14286, 26208.0, 14583.0
100000, 14286, 24750.0, 14125.0
100000, 14286, 28375.0, 14500.0
100000, 14286, 35375.0, 13791.0
100000, 14286, 25042.0, 14292.0
100000, 14286, 37500.0, 13459.0
100000, 14286, 37208.0, 13916.0
100000, 14286, 28416.0, 13875.0
100000, 14286, 37625.0, 14042.0
100000, 14286, 62708.0, 14292.0
100000, 14286, 34875.0, 13708.0
100000, 14286, 41458.0, 13917.0
100000, 14286, 77959.0, 13875.0
100000, 14286, 49542.0, 14000.0
100000, 14286, 46833.0, 13834.0
100000, 14286, 41084.0, 13083.0
100000, 14286, 54708.0, 14209.0
100000, 12500, 219834.0, 14125.0
100000, 12500, 56416.0, 14042.0
100000, 12500, 43916.0, 14084.0
100000, 12500, 72917.0, 14500.0
100000, 12500, 43000.0, 13959.0
100000, 12500, 61417.0, 23916.0
100000, 12500, 50292.0, 13833.0
100000, 12500, 48583.0, 13958.0
100000, 12500, 35292.0, 13917.0
100000, 12500, 45417.0, 13750.0
100000, 12500, 46375.0, 13667.0
100000, 12500, 36458.0, 14125.0
100000, 12500, 36541.0, 14459.0
100000, 12500, 34500.0, 14083.0
100000, 12500, 44250.0, 17292.0
100000, 12500, 38500.0, 14583.0
100000, 12500, 35208.0, 14167.0
100000, 12500, 38375.0, 14292.0
100000, 12500, 88417.0, 15000.0
100000, 12500, 40250.0, 14000.0
100000, 12500, 49416.0, 13917.0
100000, 12500, 57417.0, 14833.0
100000, 12500, 32500.0, 13666.0
100000, 12500, 23917.0, 14209.0
100000, 12500, 23291.0, 14292.0
100000, 12500, 30500.0, 14417.0
100000, 12500, 26292.0, 14000.0
100000, 12500, 26250.0, 14250.0
100000, 12500, 46208.0, 14500.0
100000, 12500, 37458.0, 14416.0
1000000, 1000000, 881750.0, 208542.0
1000000, 1000000, 282375.0, 155166.0
1000000, 1000000, 705416.0, 319000.0
1000000, 1000000, 437833.0, 170667.0
1000000, 1000000, 235375.0, 199625.0
1000000, 1000000, 308875.0, 156750.0
1000000, 1000000, 285166.0, 181792.0
1000000, 1000000, 199583.0, 158000.0
1000000, 1000000, 329000.0, 217917.0
1000000, 1000000, 405958.0, 246458.0
1000000, 1000000, 232583.0, 148125.0
1000000, 1000000, 526667.0, 274416.0
1000000, 1000000, 789500.0, 188792.0
1000000, 1000000, 201541.0, 151375.0
1000000, 1000000, 206208.0, 198250.0
1000000, 1000000, 567625.0, 329291.0
1000000, 1000000, 329625.0, 256375.0
1000000, 1000000, 544500.0, 263667.0
1000000, 1000000, 252750.0, 157541.0
1000000, 1000000, 223875.0, 163042.0
1000000, 1000000, 219459.0, 207792.0
1000000, 1000000, 288542.0, 216375.0
1000000, 1000000, 227958.0, 180333.0
1000000, 1000000, 241167.0, 157916.0
1000000, 1000000, 328875.0, 181417.0
1000000, 1000000, 235292.0, 152708.0
1000000, 1000000, 235084.0, 146166.0
1000000, 1000000, 223834.0, 155333.0
1000000, 1000000, 183583.0, 146875.0
1000000, 1000000, 235750.0, 153458.0
1000000, 500000, 721792.0, 537417.0
1000000, 500000, 210250.0, 158417.0
1000000, 500000, 188833.0, 144833.0
1000000, 500000, 296292.0, 162625.0
1000000, 500000, 352625.0, 563208.0
1000000, 500000, 197375.0, 151875.0
1000000, 500000, 191375.0, 148000.0
1000000, 500000, 265958.0, 166334.0
1000000, 500000, 596041.0, 541625.0
1000000, 500000, 344917.0, 242041.0
1000000, 500000, 195833.0, 149000.0
1000000, 500000, 242375.0, 161709.0
1000000, 500000, 405584.0, 270250.0
1000000, 500000, 531667.0, 254958.0
1000000, 500000, 449166.0, 223084.0
1000000, 500000, 314791.0, 229209.0
1000000, 500000, 239375.0, 165333.0
1000000, 500000, 447375.0, 246625.0
1000000, 500000, 244250.0, 174250.0
1000000, 500000, 241083.0, 153750.0
1000000, 500000, 280833.0, 157333.0
1000000, 500000, 527625.0, 207083.0
1000000, 500000, 517458.0, 238250.0
1000000, 500000, 414916.0, 245834.0
1000000, 500000, 304500.0, 164583.0
1000000, 500000, 1147625.0, 190750.0
1000000, 500000, 597458.0, 688000.0
1000000, 500000, 460000.0, 237833.0
1000000, 500000, 1187292.0, 183042.0
1000000, 500000, 569917.0, 413583.0
1000000, 333334, 402583.0, 148542.0
1000000, 333334, 500542.0, 227916.0
1000000, 333334, 435916.0, 176000.0
1000000, 333334, 429458.0, 183750.0
1000000, 333334, 412625.0, 174291.0
1000000, 333334, 524167.0, 199500.0
1000000, 333334, 401959.0, 295209.0
1000000, 333334, 487708.0, 254125.0
1000000, 333334, 429958.0, 176625.0
1000000, 333334, 517375.0, 252500.0
1000000, 333334, 249916.0, 175583.0
1000000, 333334, 202917.0, 147208.0
1000000, 333334, 248959.0, 173750.0
1000000, 333334, 218459.0, 162167.0
1000000, 333334, 231833.0, 165709.0
1000000, 333334, 190334.0, 148041.0
1000000, 333334, 240833.0, 179583.0
1000000, 333334, 210125.0, 153209.0
1000000, 333334, 229791.0, 149625.0
1000000, 333334, 464709.0, 202500.0
1000000, 333334, 492500.0, 348708.0
1000000, 333334, 329833.0, 160750.0
1000000, 333334, 249709.0, 205250.0
1000000, 333334, 253750.0, 156542.0
1000000, 333334, 254750.0, 156458.0
1000000, 333334, 503000.0, 246958.0
1000000, 333334, 624209.0, 187959.0
1000000, 333334, 424750.0, 248833.0
1000000, 333334, 188709.0, 148084.0
1000000, 333334, 314667.0, 166375.0
1000000, 250000, 713917.0, 252000.0
1000000, 250000, 224333.0, 170834.0
1000000, 250000, 197375.0, 145917.0
1000000, 250000, 284458.0, 211458.0
1000000, 250000, 194458.0, 154000.0
1000000, 250000, 183958.0, 145042.0
1000000, 250000, 219583.0, 250042.0
1000000, 250000, 222959.0, 153708.0
1000000, 250000, 289125.0, 520125.0
1000000, 250000, 392209.0, 236041.0
1000000, 250000, 209042.0, 157333.0
1000000, 250000, 441792.0, 245542.0
1000000, 250000, 775208.0, 715792.0
1000000, 250000, 548875.0, 284917.0
1000000, 250000, 240458.0, 161667.0
1000000, 250000, 185250.0, 148709.0
1000000, 250000, 225917.0, 162458.0
1000000, 250000, 690458.0, 183917.0
1000000, 250000, 207042.0, 150042.0
1000000, 250000, 238833.0, 155292.0
1000000, 250000, 232625.0, 152709.0
1000000, 250000, 1196083.0, 209375.0
1000000, 250000, 531042.0, 277542.0
1000000, 250000, 488625.0, 168208.0
1000000, 250000, 252875.0, 157667.0
1000000, 250000, 239916.0, 159792.0
1000000, 250000, 229625.0, 154958.0
1000000, 250000, 295750.0, 160792.0
1000000, 250000, 592958.0, 177209.0
1000000, 250000, 415916.0, 172084.0
1000000, 200000, 921792.0, 271417.0
1000000, 200000, 213417.0, 153125.0
1000000, 200000, 232208.0, 156542.0
1000000, 200000, 222875.0, 149500.0
1000000, 200000, 421084.0, 243709.0
1000000, 200000, 207583.0, 153958.0
1000000, 200000, 909666.0, 247333.0
1000000, 200000, 260958.0, 209458.0
1000000, 200000, 258041.0, 153875.0
1000000, 200000, 232458.0, 155792.0
1000000, 200000, 252667.0, 218667.0
1000000, 200000, 187417.0, 147083.0
1000000, 200000, 201250.0, 148208.0
1000000, 200000, 366042.0, 173542.0
1000000, 200000, 183167.0, 145292.0
1000000, 200000, 206625.0, 194583.0
1000000, 200000, 182125.0, 164208.0
1000000, 200000, 231958.0, 153083.0
1000000, 200000, 531542.0, 320250.0
1000000, 200000, 463041.0, 199250.0
1000000, 200000, 451750.0, 172792.0
1000000, 200000, 518292.0, 233375.0
1000000, 200000, 302958.0, 185709.0
1000000, 200000, 521708.0, 435334.0
1000000, 200000, 208458.0, 171959.0
1000000, 200000, 383250.0, 230917.0
1000000, 200000, 1218125.0, 184958.0
1000000, 200000, 204583.0, 163042.0
1000000, 200000, 386500.0, 160125.0
1000000, 200000, 236875.0, 154750.0
1000000, 166667, 505917.0, 200292.0
1000000, 166667, 225542.0, 169875.0
1000000, 166667, 229917.0, 183709.0
1000000, 166667, 235750.0, 174083.0
1000000, 166667, 235375.0, 200709.0
1000000, 166667, 511917.0, 238041.0
1000000, 166667, 337750.0, 259041.0
1000000, 166667, 216292.0, 155333.0
1000000, 166667, 246959.0, 180916.0
1000000, 166667, 188458.0, 175667.0
1000000, 166667, 213125.0, 154625.0
1000000, 166667, 683042.0, 182000.0
1000000, 166667, 257833.0, 213334.0
1000000, 166667, 237416.0, 246708.0
1000000, 166667, 250666.0, 151833.0
1000000, 166667, 296625.0, 192375.0
1000000, 166667, 204708.0, 154458.0
1000000, 166667, 190084.0, 146250.0
1000000, 166667, 478083.0, 226375.0
1000000, 166667, 253959.0, 177750.0
1000000, 166667, 222750.0, 163083.0
1000000, 166667, 297167.0, 207917.0
1000000, 166667, 213041.0, 174584.0
1000000, 166667, 245500.0, 198792.0
1000000, 166667, 260458.0, 172625.0
1000000, 166667, 220625.0, 244208.0
1000000, 166667, 271667.0, 243292.0
1000000, 166667, 243584.0, 235792.0
1000000, 166667, 257791.0, 193125.0
1000000, 166667, 302209.0, 173375.0
1000000, 142858, 467125.0, 269292.0
1000000, 142858, 253208.0, 249500.0
1000000, 142858, 306125.0, 314084.0
1000000, 142858, 2236500.0, 243583.0
1000000, 142858, 252000.0, 269459.0
1000000, 142858, 207792.0, 249500.0
1000000, 142858, 283000.0, 177250.0
1000000, 142858, 214250.0, 165250.0
1000000, 142858, 176917.0, 144667.0
1000000, 142858, 174625.0, 147084.0
1000000, 142858, 167042.0, 147209.0
1000000, 142858, 196375.0, 152542.0
1000000, 142858, 287833.0, 150834.0
1000000, 142858, 203834.0, 147208.0
1000000, 142858, 199875.0, 238708.0
1000000, 142858, 209750.0, 171500.0
1000000, 142858, 268208.0, 163750.0
1000000, 142858, 200750.0, 205791.0
1000000, 142858, 217542.0, 153708.0
1000000, 142858, 176333.0, 148333.0
1000000, 142858, 385916.0, 174792.0
1000000, 142858, 210917.0, 153709.0
1000000, 142858, 225583.0, 160875.0
1000000, 142858, 205166.0, 156250.0
1000000, 142858, 178208.0, 147583.0
1000000, 142858, 238250.0, 166834.0
1000000, 142858, 264542.0, 166917.0
1000000, 142858, 224208.0, 183916.0
1000000, 142858, 206416.0, 163000.0
1000000, 142858, 251667.0, 165750.0
1000000, 125000, 425750.0, 195500.0
1000000, 125000, 182417.0, 146459.0
1000000, 125000, 198750.0, 247792.0
1000000, 125000, 236541.0, 420250.0
1000000, 125000, 275625.0, 175542.0
1000000, 125000, 603042.0, 331292.0
1000000, 125000, 234000.0, 155416.0
1000000, 125000, 186792.0, 146666.0
1000000, 125000, 341792.0, 162042.0
1000000, 125000, 205917.0, 155333.0
1000000, 125000, 303875.0, 167208.0
1000000, 125000, 211459.0, 153042.0
1000000, 125000, 309834.0, 175042.0
1000000, 125000, 243416.0, 154584.0
1000000, 125000, 230292.0, 155792.0
1000000, 125000, 487500.0, 253250.0
1000000, 125000, 241167.0, 158708.0
1000000, 125000, 403167.0, 172500.0
1000000, 125000, 593209.0, 334167.0
1000000, 125000, 400750.0, 253959.0
1000000, 125000, 181500.0, 145750.0
1000000, 125000, 453250.0, 259625.0
1000000, 125000, 234750.0, 157750.0
1000000, 125000, 212417.0, 150042.0
1000000, 125000, 218750.0, 164250.0
1000000, 125000, 776708.0, 194583.0
1000000, 125000, 222750.0, 151209.0
1000000, 125000, 484792.0, 258792.0
1000000, 125000, 457667.0, 173250.0
1000000, 125000, 214583.0, 155875.0
10000000, 10000000, 3086959.0, 2276917.0
10000000, 10000000, 2047375.0, 2917083.0
10000000, 10000000, 2318500.0, 2065542.0
10000000, 10000000, 2234583.0, 3504416.0
10000000, 10000000, 2596458.0, 2034041.0
10000000, 10000000, 2913334.0, 3078000.0
10000000, 10000000, 4226791.0, 2219458.0
10000000, 10000000, 3310584.0, 3437500.0
10000000, 10000000, 4471834.0, 4026375.0
10000000, 10000000, 4221500.0, 2221250.0
10000000, 10000000, 2938416.0, 3161500.0
10000000, 10000000, 4347125.0, 2211250.0
10000000, 10000000, 4163875.0, 2857583.0
10000000, 10000000, 6189667.0, 2234584.0
10000000, 10000000, 4626666.0, 3648083.0
10000000, 10000000, 3880250.0, 3220375.0
10000000, 10000000, 3861500.0, 2472250.0
10000000, 10000000, 4495917.0, 2237875.0
10000000, 10000000, 4542416.0, 3000208.0
10000000, 10000000, 4589333.0, 2897875.0
10000000, 10000000, 3726125.0, 2305083.0
10000000, 10000000, 4567708.0, 2354250.0
10000000, 10000000, 4578417.0, 2286792.0
10000000, 10000000, 3666666.0, 2462042.0
10000000, 10000000, 4150083.0, 2131834.0
10000000, 10000000, 3984625.0, 2211875.0
10000000, 10000000, 4427333.0, 3067959.0
10000000, 10000000, 3690833.0, 2181375.0
10000000, 10000000, 4566750.0, 3042000.0
10000000, 10000000, 4209375.0, 2428208.0
10000000, 5000000, 2548834.0, 2450708.0
10000000, 5000000, 2259333.0, 3143417.0
10000000, 5000000, 3625417.0, 2180375.0
10000000, 5000000, 4469166.0, 3280625.0
10000000, 5000000, 4421333.0, 2801834.0
10000000, 5000000, 3780125.0, 2290583.0
10000000, 5000000, 4351458.0, 2203750.0
10000000, 5000000, 4429416.0, 2230917.0
10000000, 5000000, 4597042.0, 3848667.0
10000000, 5000000, 4627625.0, 3004250.0
10000000, 5000000, 4028209.0, 3694250.0
10000000, 5000000, 3997583.0, 2175667.0
10000000, 5000000, 3792333.0, 2460500.0
10000000, 5000000, 4571916.0, 2469083.0
10000000, 5000000, 4602542.0, 3172459.0
10000000, 5000000, 4570167.0, 2682166.0
10000000, 5000000, 3963791.0, 2447875.0
10000000, 5000000, 4273875.0, 2895833.0
10000000, 5000000, 4058166.0, 2136792.0
10000000, 5000000, 4632167.0, 2687000.0
10000000, 5000000, 4039125.0, 3812500.0
10000000, 5000000, 4221833.0, 2170375.0
10000000, 5000000, 4539333.0, 3070375.0
10000000, 5000000, 4293250.0, 2195000.0
10000000, 5000000, 4564542.0, 3169708.0
10000000, 5000000, 4466833.0, 2621042.0
10000000, 5000000, 4162958.0, 2249958.0
10000000, 5000000, 4093750.0, 2146417.0
10000000, 5000000, 4557833.0, 2253834.0
10000000, 5000000, 4405375.0, 3458250.0
10000000, 3333334, 3316291.0, 2400417.0
10000000, 3333334, 4380500.0, 2790791.0
10000000, 3333334, 1862333.0, 2416833.0
10000000, 3333334, 3999833.0, 3391458.0
10000000, 3333334, 4108625.0, 2110875.0
10000000, 3333334, 4434625.0, 2768458.0
10000000, 3333334, 3211791.0, 2642209.0
10000000, 3333334, 4297416.0, 2160000.0
10000000, 3333334, 4433541.0, 2485458.0
10000000, 3333334, 4595500.0, 3183708.0
10000000, 3333334, 4236291.0, 2836750.0
10000000, 3333334, 1986333.0, 2551917.0
10000000, 3333334, 2415125.0, 3136042.0
10000000, 3333334, 4215083.0, 2187541.0
10000000, 3333334, 2256208.0, 2658875.0
10000000, 3333334, 1769750.0, 2216167.0
10000000, 3333334, 4330792.0, 3876083.0
10000000, 3333334, 4813333.0, 2596625.0
10000000, 3333334, 4256375.0, 3677167.0
10000000, 3333334, 3219708.0, 2629625.0
10000000, 3333334, 2556959.0, 2795792.0
10000000, 3333334, 4271458.0, 2276959.0
10000000, 3333334, 4163000.0, 2130084.0
10000000, 3333334, 2646125.0, 2816500.0
10000000, 3333334, 4092375.0, 3858500.0
10000000, 3333334, 2558166.0, 2990125.0
10000000, 3333334, 3915500.0, 2180750.0
10000000, 3333334, 4217917.0, 2646375.0
10000000, 3333334, 4366833.0, 3051167.0
10000000, 3333334, 2571708.0, 2702292.0
10000000, 2500000, 1888292.0, 2243542.0
10000000, 2500000, 1669959.0, 2467417.0
10000000, 2500000, 3272875.0, 2728167.0
10000000, 2500000, 1715750.0, 2059667.0
10000000, 2500000, 3745667.0, 2163500.0
10000000, 2500000, 3944541.0, 2037625.0
10000000, 2500000, 3799875.0, 2708542.0
10000000, 2500000, 4329292.0, 3194042.0
10000000, 2500000, 3861584.0, 2073542.0
10000000, 2500000, 4582417.0, 3370584.0
10000000, 2500000, 4503167.0, 3572583.0
10000000, 2500000, 4334916.0, 2944792.0
10000000, 2500000, 3770250.0, 2475792.0
10000000, 2500000, 4212625.0, 2127583.0
10000000, 2500000, 2462875.0, 2693750.0
10000000, 2500000, 4413834.0, 2297958.0
10000000, 2500000, 4525917.0, 3648959.0
10000000, 2500000, 2850708.0, 2944167.0
10000000, 2500000, 3995250.0, 3020209.0
10000000, 2500000, 4387583.0, 2202458.0
10000000, 2500000, 4265458.0, 2206958.0
10000000, 2500000, 4382916.0, 2661000.0
10000000, 2500000, 4573959.0, 2236000.0
10000000, 2500000, 4233916.0, 3206959.0
10000000, 2500000, 2509958.0, 2776208.0
10000000, 2500000, 4065709.0, 2069416.0
10000000, 2500000, 1725584.0, 2081625.0
10000000, 2500000, 4372625.0, 3801875.0
10000000, 2500000, 4574625.0, 2920542.0
10000000, 2500000, 4407042.0, 3022209.0
10000000, 2000000, 4093000.0, 2175375.0
10000000, 2000000, 4403625.0, 2883542.0
10000000, 2000000, 3816875.0, 3601333.0
10000000, 2000000, 4516917.0, 2237584.0
10000000, 2000000, 3706709.0, 2081084.0
10000000, 2000000, 4065583.0, 2119792.0
10000000, 2000000, 4164042.0, 2262375.0
10000000, 2000000, 1986916.0, 2427584.0
10000000, 2000000, 4409709.0, 2739041.0
10000000, 2000000, 4105750.0, 2142958.0
10000000, 2000000, 3440084.0, 2669334.0
10000000, 2000000, 3989167.0, 2326417.0
10000000, 2000000, 3898541.0, 2078084.0
10000000, 2000000, 4518000.0, 3293500.0
10000000, 2000000, 3870958.0, 3831667.0
10000000, 2000000, 4435125.0, 2220042.0
10000000, 2000000, 4377625.0, 3041375.0
10000000, 2000000, 3992583.0, 2130250.0
10000000, 2000000, 4063541.0, 2604292.0
10000000, 2000000, 3476917.0, 2162125.0
10000000, 2000000, 4523250.0, 3642917.0
10000000, 2000000, 4630667.0, 3775167.0
10000000, 2000000, 4428667.0, 3117208.0
10000000, 2000000, 4573542.0, 3385625.0
10000000, 2000000, 4123041.0, 2738959.0
10000000, 2000000, 4009209.0, 5296416.0
10000000, 2000000, 4325709.0, 3805500.0
10000000, 2000000, 4591542.0, 2894667.0
10000000, 2000000, 4702917.0, 2403000.0
10000000, 2000000, 4294375.0, 2137792.0
10000000, 1666667, 3400833.0, 2069333.0
10000000, 1666667, 4586208.0, 2797917.0
10000000, 1666667, 4416750.0, 2980791.0
10000000, 1666667, 4175875.0, 2864792.0
10000000, 1666667, 4537834.0, 2937291.0
10000000, 1666667, 4348541.0, 3587375.0
10000000, 1666667, 3970625.0, 3907417.0
10000000, 1666667, 4517708.0, 2674458.0
10000000, 1666667, 3720167.0, 2049500.0
10000000, 1666667, 4525417.0, 2938125.0
10000000, 1666667, 4448375.0, 3314042.0
10000000, 1666667, 3077666.0, 4233125.0
10000000, 1666667, 1760084.0, 2049083.0
10000000, 1666667, 3041000.0, 2888625.0
10000000, 1666667, 3744834.0, 2077375.0
10000000, 1666667, 4410791.0, 3499458.0
10000000, 1666667, 1956708.0, 2406667.0
10000000, 1666667, 4199375.0, 4020041.0
10000000, 1666667, 3459667.0, 3392875.0
10000000, 1666667, 4132458.0, 2335000.0
10000000, 1666667, 4049750.0, 2178375.0
10000000, 1666667, 2225166.0, 2497625.0
10000000, 1666667, 4380333.0, 2210875.0
10000000, 1666667, 4164542.0, 2245917.0
10000000, 1666667, 4630291.0, 2524875.0
10000000, 1666667, 3626125.0, 2680959.0
10000000, 1666667, 3952084.0, 2442084.0
10000000, 1666667, 4117792.0, 2326500.0
10000000, 1666667, 1926333.0, 2045292.0
10000000, 1666667, 2540583.0, 2601542.0
10000000, 1428572, 2056542.0, 2618041.0
10000000, 1428572, 4136125.0, 2216667.0
10000000, 1428572, 3776583.0, 2367625.0
10000000, 1428572, 4559458.0, 3324958.0
10000000, 1428572, 3861458.0, 2102709.0
10000000, 1428572, 4506917.0, 2390042.0
10000000, 1428572, 3461750.0, 2107542.0
10000000, 1428572, 3134125.0, 3201500.0
10000000, 1428572, 3585083.0, 2434125.0
10000000, 1428572, 4633417.0, 3797792.0
10000000, 1428572, 1925625.0, 2222167.0
10000000, 1428572, 4406500.0, 3881125.0
10000000, 1428572, 3091959.0, 3438625.0
10000000, 1428572, 4186625.0, 2196125.0
10000000, 1428572, 4171708.0, 3670917.0
10000000, 1428572, 4586333.0, 3296541.0
10000000, 1428572, 4365750.0, 3229042.0
10000000, 1428572, 4348625.0, 3419334.0
10000000, 1428572, 4332167.0, 3533542.0
10000000, 1428572, 3824834.0, 2457208.0
10000000, 1428572, 4151208.0, 3896583.0
10000000, 1428572, 4087209.0, 2164875.0
10000000, 1428572, 4262833.0, 2964958.0
10000000, 1428572, 4330500.0, 2103708.0
10000000, 1428572, 4078375.0, 2161250.0
10000000, 1428572, 3051167.0, 2694583.0
10000000, 1428572, 3502375.0, 2068958.0
10000000, 1428572, 1711167.0, 2074042.0
10000000, 1428572, 4442958.0, 3595666.0
10000000, 1428572, 4546708.0, 3476708.0
10000000, 1250000, 2747500.0, 2084167.0
10000000, 1250000, 4276041.0, 2116084.0
10000000, 1250000, 3947333.0, 2082834.0
10000000, 1250000, 4185708.0, 3478125.0
10000000, 1250000, 4405834.0, 3721250.0
10000000, 1250000, 3805959.0, 2247583.0
10000000, 1250000, 3817042.0, 2088083.0
10000000, 1250000, 2310125.0, 2521459.0
10000000, 1250000, 2489250.0, 3021125.0
10000000, 1250000, 2565708.0, 3029333.0
10000000, 1250000, 2038208.0, 2417292.0
10000000, 1250000, 2214541.0, 2990041.0
10000000, 1250000, 1911417.0, 2632125.0
10000000, 1250000, 2068625.0, 2568917.0
10000000, 1250000, 2731750.0, 3649625.0
10000000, 1250000, 2433333.0, 3096917.0
10000000, 1250000, 2422375.0, 2648000.0
10000000, 1250000, 2312208.0, 2084042.0
10000000, 1250000, 4167459.0, 2688583.0
10000000, 1250000, 3509125.0, 2136541.0
10000000, 1250000, 3571333.0, 2693125.0
10000000, 1250000, 4221708.0, 3523417.0
10000000, 1250000, 2385542.0, 3668500.0
10000000, 1250000, 4300833.0, 3126041.0
10000000, 1250000, 2498625.0, 2791125.0
10000000, 1250000, 4394209.0, 3109875.0
10000000, 1250000, 3304125.0, 2030666.0
10000000, 1250000, 4334000.0, 2817750.0
10000000, 1250000, 4929208.0, 2180875.0
10000000, 1250000, 1952917.0, 2419291.0
100000000, 100000000, 4.5034041E7, 4.0853875E7
100000000, 100000000, 6.1711958E7, 4.0782333E7
100000000, 100000000, 2.3278666E7, 2.2061167E7
100000000, 100000000, 2.8849375E7, 2.3289458E7
100000000, 100000000, 1.6954625E7, 3.3291041E7
100000000, 100000000, 1.7492625E7, 2.0355542E7
100000000, 100000000, 1.7793583E7, 2.033125E7
100000000, 100000000, 1.7747125E7, 2.0357625E7
100000000, 100000000, 1.9892333E7, 2.0343209E7
100000000, 100000000, 1.7690125E7, 2.0311875E7
100000000, 100000000, 2.550125E7, 2.0885708E7
100000000, 100000000, 1.6700083E7, 2.2210583E7
100000000, 100000000, 1.8212875E7, 2.0362666E7
100000000, 100000000, 1.7112417E7, 2.2657709E7
100000000, 100000000, 4.0041083E7, 2.0947583E7
100000000, 100000000, 3.4184666E7, 2.1096375E7
100000000, 100000000, 5.0450917E7, 2.0464333E7
100000000, 100000000, 1.7709584E7, 2.0467E7
100000000, 100000000, 3.6368167E7, 2.0493333E7
100000000, 100000000, 1.993375E7, 2.0388666E7
100000000, 100000000, 1.7688084E7, 2.0391458E7
100000000, 100000000, 1.7639709E7, 2.0448917E7
100000000, 100000000, 1.74385E7, 2.0363916E7
100000000, 100000000, 1.7532542E7, 2.0344166E7
100000000, 100000000, 1.7344791E7, 2.0443917E7
100000000, 100000000, 1.7550167E7, 2.0375334E7
100000000, 100000000, 1.7136833E7, 2.0401792E7
100000000, 100000000, 1.777925E7, 2.0371958E7
100000000, 100000000, 1.748375E7, 2.0336667E7
100000000, 100000000, 1.7426333E7, 2.0397166E7
100000000, 50000000, 1.8231167E7, 2.0340958E7
100000000, 50000000, 1.7399958E7, 2.0347458E7
100000000, 50000000, 1.753375E7, 2.0351916E7
100000000, 50000000, 1.7661125E7, 2.0371958E7
100000000, 50000000, 1.6951375E7, 2.0352542E7
100000000, 50000000, 1.7350875E7, 2.0359667E7
100000000, 50000000, 1.7657958E7, 2.036375E7
100000000, 50000000, 1.7578709E7, 2.0349333E7
100000000, 50000000, 1.7635667E7, 2.0336458E7
100000000, 50000000, 1.7844917E7, 2.0363125E7
100000000, 50000000, 1.7518834E7, 2.0325584E7
100000000, 50000000, 1.7381291E7, 2.0383458E7
100000000, 50000000, 1.7370208E7, 2.0401583E7
100000000, 50000000, 3.380325E7, 2.0908417E7
100000000, 50000000, 3.7181084E7, 2.1882792E7
100000000, 50000000, 1.7692166E7, 2.0376208E7
100000000, 50000000, 1.7553166E7, 2.03375E7
100000000, 50000000, 1.7554583E7, 2.04435E7
100000000, 50000000, 1.7506583E7, 2.0347583E7
100000000, 50000000, 1.7732625E7, 2.0345917E7
100000000, 50000000, 1.7209916E7, 2.0340834E7
100000000, 50000000, 1.753625E7, 2.0337709E7
100000000, 50000000, 1.7671542E7, 2.0326541E7
100000000, 50000000, 1.7465042E7, 2.0392416E7
100000000, 50000000, 1.7589625E7, 2.0343333E7
100000000, 50000000, 6.387675E7, 2.3742917E7
100000000, 50000000, 1.7439333E7, 2.0289208E7
100000000, 50000000, 1.7599542E7, 2.0313167E7
100000000, 50000000, 2.7554458E7, 2.3570166E7
100000000, 50000000, 2.877625E7, 2.16725E7
100000000, 33333334, 1.7172583E7, 2.0324041E7
100000000, 33333334, 1.9828542E7, 2.045E7
100000000, 33333334, 1.7111917E7, 2.0423917E7
100000000, 33333334, 1.7942791E7, 2.0404875E7
100000000, 33333334, 1.7454333E7, 2.0370333E7
100000000, 33333334, 1.7517125E7, 2.0363208E7
100000000, 33333334, 1.765375E7, 2.0363084E7
100000000, 33333334, 1.77135E7, 2.0344042E7
100000000, 33333334, 1.7761167E7, 2.0427875E7
100000000, 33333334, 1.7419875E7, 2.0964625E7
100000000, 33333334, 1.7570375E7, 2.2156292E7
100000000, 33333334, 1.8041709E7, 2.045175E7
100000000, 33333334, 1.7824E7, 2.0468584E7
100000000, 33333334, 1.8411542E7, 2.032975E7
100000000, 33333334, 1.7604375E7, 2.0344958E7
100000000, 33333334, 1.7573291E7, 2.0350083E7
100000000, 33333334, 1.754175E7, 2.0424875E7
100000000, 33333334, 1.7487458E7, 2.0365791E7
100000000, 33333334, 1.7329584E7, 2.04505E7
100000000, 33333334, 1.7476334E7, 2.0401959E7
100000000, 33333334, 1.7596458E7, 2.0373958E7
100000000, 33333334, 1.8092375E7, 2.2154834E7
100000000, 33333334, 1.7414416E7, 2.0358291E7
100000000, 33333334, 1.7434709E7, 2.0339833E7
100000000, 33333334, 1.7446666E7, 2.0562209E7
100000000, 33333334, 1.6535667E7, 2.0287959E7
100000000, 33333334, 1.7651167E7, 2.0463833E7
100000000, 33333334, 1.7264958E7, 2.0391208E7
100000000, 33333334, 1.7613875E7, 2.0467334E7
100000000, 33333334, 1.7631792E7, 2.0359917E7
100000000, 25000000, 1.7090208E7, 2.0349958E7
100000000, 25000000, 1.7912958E7, 2.0733416E7
100000000, 25000000, 1.8139709E7, 2.0426583E7
100000000, 25000000, 1.7566791E7, 2.0359542E7
100000000, 25000000, 1.7530625E7, 2.0350792E7
100000000, 25000000, 1.744875E7, 2.0367166E7
100000000, 25000000, 1.1630775E8, 2.7664459E7
100000000, 25000000, 3.5861291E7, 2.2727125E7
100000000, 25000000, 1.6911416E7, 2.0460375E7
100000000, 25000000, 1.7525167E7, 2.0347792E7
100000000, 25000000, 1.7812291E7, 2.0309375E7
100000000, 25000000, 1.7453667E7, 2.0348291E7
100000000, 25000000, 1.78105E7, 2.0285042E7
100000000, 25000000, 1.755225E7, 2.0298334E7
100000000, 25000000, 1.757425E7, 2.0355459E7
100000000, 25000000, 1.7491458E7, 2.0307792E7
100000000, 25000000, 1.7335667E7, 2.0344333E7
100000000, 25000000, 1.8300625E7, 2.216725E7
100000000, 25000000, 1.7640292E7, 2.0370125E7
100000000, 25000000, 1.7873083E7, 2.0319708E7
100000000, 25000000, 1.7653375E7, 2.0314083E7
100000000, 25000000, 1.6276208E7, 2.0466666E7
100000000, 25000000, 1.7202875E7, 2.038625E7
100000000, 25000000, 2.0209542E7, 2.0356125E7
100000000, 25000000, 1.7728666E7, 2.0336167E7
100000000, 25000000, 1.7682083E7, 2.0309875E7
100000000, 25000000, 1.7290083E7, 2.3774667E7
100000000, 25000000, 1.7558625E7, 2.0406917E7
100000000, 25000000, 1.7357459E7, 2.2946083E7
100000000, 25000000, 1.7431541E7, 2.0355667E7
100000000, 20000000, 2.0024667E7, 2.0317875E7
100000000, 20000000, 1.7297291E7, 2.0753833E7
100000000, 20000000, 1.7451625E7, 2.0408875E7
100000000, 20000000, 1.7493875E7, 2.0371292E7
100000000, 20000000, 1.7340584E7, 2.0387084E7
100000000, 20000000, 1.7407958E7, 2.0358292E7
100000000, 20000000, 1.836875E7, 2.0435042E7
100000000, 20000000, 1.7769542E7, 2.0407416E7
100000000, 20000000, 1.7337458E7, 2.0403583E7
100000000, 20000000, 1.7288917E7, 2.0428458E7
100000000, 20000000, 1.7777958E7, 2.0395084E7
100000000, 20000000, 1.7516417E7, 2.0326458E7
100000000, 20000000, 1.7551791E7, 2.0386334E7
100000000, 20000000, 1.7632459E7, 2.0402708E7
100000000, 20000000, 1.7344917E7, 2.0391708E7
100000000, 20000000, 1.7355458E7, 2.0317417E7
100000000, 20000000, 1.7125334E7, 2.036675E7
100000000, 20000000, 1.6896333E7, 2.03495E7
100000000, 20000000, 1.745675E7, 2.0357333E7
100000000, 20000000, 1.7382042E7, 2.0377E7
100000000, 20000000, 1.7530375E7, 2.0415125E7
100000000, 20000000, 1.7563375E7, 2.0364583E7
100000000, 20000000, 1.7662208E7, 2.0426584E7
100000000, 20000000, 1.6969584E7, 2.0402625E7
100000000, 20000000, 1.6660583E7, 2.0364542E7
100000000, 20000000, 1.7323708E7, 2.0418875E7
100000000, 20000000, 1.7285083E7, 2.0389625E7
100000000, 20000000, 1.6915958E7, 2.0433208E7
100000000, 20000000, 1.7468083E7, 2.0355291E7
100000000, 20000000, 2.8913458E7, 2.0422583E7
100000000, 16666667, 1.6866333E7, 2.0300416E7
100000000, 16666667, 1.7568375E7, 2.0363875E7
100000000, 16666667, 1.7492542E7, 2.0387209E7
100000000, 16666667, 1.7252625E7, 2.0493833E7
100000000, 16666667, 1.7341959E7, 2.0436667E7
100000000, 16666667, 1.7677167E7, 2.0376E7
100000000, 16666667, 1.7283625E7, 2.0424958E7
100000000, 16666667, 1.7816584E7, 2.169225E7
100000000, 16666667, 1.7621542E7, 2.0412416E7
100000000, 16666667, 2.7652084E7, 2.0363917E7
100000000, 16666667, 1.7488209E7, 2.0405458E7
100000000, 16666667, 1.7783208E7, 2.0463E7
100000000, 16666667, 1.6844792E7, 2.0363916E7
100000000, 16666667, 2.1451625E7, 2.0400667E7
100000000, 16666667, 1.7525E7, 2.0602667E7
100000000, 16666667, 1.7652875E7, 2.0363208E7
100000000, 16666667, 1.750475E7, 2.05975E7
100000000, 16666667, 1.7057917E7, 2.0400875E7
100000000, 16666667, 1.7512834E7, 2.040825E7
100000000, 16666667, 1.7345417E7, 2.0331541E7
100000000, 16666667, 1.7624667E7, 2.0403583E7
100000000, 16666667, 1.753375E7, 2.0382916E7
100000000, 16666667, 1.7488292E7, 2.0332584E7
100000000, 16666667, 1.8134209E7, 2.0401375E7
100000000, 16666667, 1.7581209E7, 2.0382042E7
100000000, 16666667, 1.7484208E7, 2.0433667E7
100000000, 16666667, 1.8362083E7, 2.0462542E7
100000000, 16666667, 1.7616417E7, 2.0351291E7
100000000, 16666667, 1.7440291E7, 2.0379416E7
100000000, 16666667, 1.7424167E7, 2.0580917E7
100000000, 14285715, 1.6502083E7, 2.0332958E7
100000000, 14285715, 1.748575E7, 2.03885E7
100000000, 14285715, 1.82E7, 2.0432917E7
100000000, 14285715, 1.707025E7, 2.0347125E7
100000000, 14285715, 1.7627709E7, 2.0384625E7
100000000, 14285715, 1.7515333E7, 2.0399875E7
100000000, 14285715, 1.7506583E7, 2.0395291E7
100000000, 14285715, 1.7540125E7, 2.0396625E7
100000000, 14285715, 2.0384417E7, 2.0400292E7
100000000, 14285715, 1.7740542E7, 2.0438166E7
100000000, 14285715, 1.6904542E7, 2.0345E7
100000000, 14285715, 1.7776167E7, 2.0323208E7
100000000, 14285715, 1.9556583E7, 2.1177625E7
100000000, 14285715, 1.7434042E7, 2.0413875E7
100000000, 14285715, 1.7475125E7, 2.0354958E7
100000000, 14285715, 1.7631042E7, 2.0338458E7
100000000, 14285715, 1.7523E7, 2.0402875E7
100000000, 14285715, 1.7686291E7, 2.0440875E7
100000000, 14285715, 1.9135875E7, 2.1458416E7
100000000, 14285715, 1.746075E7, 2.0433708E7
100000000, 14285715, 1.7553166E7, 2.0362208E7
100000000, 14285715, 1.7137125E7, 2.4607791E7
100000000, 14285715, 1.7889833E7, 2.03365E7
100000000, 14285715, 2.3726959E7, 2.0383625E7
100000000, 14285715, 1.7843042E7, 2.1685125E7
100000000, 14285715, 1.7256292E7, 2.0343833E7
100000000, 14285715, 1.7704708E7, 2.0380541E7
100000000, 14285715, 1.7128167E7, 2.03865E7
100000000, 14285715, 1.7673042E7, 2.03815E7
100000000, 14285715, 1.7546875E7, 2.0957083E7
100000000, 12500000, 1.6945459E7, 2.0297916E7
100000000, 12500000, 1.7412125E7, 2.0420041E7
100000000, 12500000, 1.7546167E7, 2.0351583E7
100000000, 12500000, 2.6096791E7, 2.6631708E7
100000000, 12500000, 1.7532666E7, 2.0433792E7
100000000, 12500000, 1.8894917E7, 2.0371125E7
100000000, 12500000, 2.4677542E7, 2.0323958E7
100000000, 12500000, 1.8641166E7, 2.0384875E7
100000000, 12500000, 1.7519708E7, 2.0340292E7
100000000, 12500000, 1.7536208E7, 2.03455E7
100000000, 12500000, 1.7465209E7, 2.0349666E7
100000000, 12500000, 1.7526666E7, 2.0376583E7
100000000, 12500000, 1.7667375E7, 2.0364834E7
100000000, 12500000, 1.7536375E7, 2.0397334E7
100000000, 12500000, 1.775875E7, 2.0309667E7
100000000, 12500000, 1.7409167E7, 2.0424334E7
100000000, 12500000, 1.8955834E7, 2.1166958E7
100000000, 12500000, 1.764425E7, 2.0373417E7
100000000, 12500000, 1.7574292E7, 2.0378542E7
100000000, 12500000, 3.8598708E7, 2.1892292E7
100000000, 12500000, 1.7780625E7, 2.0420709E7
100000000, 12500000, 1.7425708E7, 2.039925E7
100000000, 12500000, 1.7628667E7, 2.0353209E7
100000000, 12500000, 1.7080833E7, 2.0473541E7
100000000, 12500000, 1.7475166E7, 2.037425E7
100000000, 12500000, 1.7195625E7, 2.0337584E7
100000000, 12500000, 1.7857E7, 2.0384667E7
100000000, 12500000, 1.7525208E7, 2.0339917E7
100000000, 12500000, 1.7696959E7, 2.2281959E7
100000000, 12500000, 1.7520958E7, 2.043175E7
