100,100,848209.0,7000.0,
100,100,46584.0,2333.0,
100,100,40459.0,2542.0,
100,100,26667.0,1791.0,
100,100,23083.0,2209.0,
100,100,25125.0,1875.0,
100,100,31542.0,3458.0,
100,100,28459.0,2084.0,
100,100,27625.0,1833.0,
100,100,32333.0,2250.0,
100,100,28667.0,2334.0,
100,100,28375.0,1833.0,
100,100,33125.0,1917.0,
100,100,30500.0,1709.0,
100,100,32292.0,1709.0,
100,100,28667.0,2125.0,
100,100,26542.0,2333.0,
100,100,23208.0,2084.0,
100,100,24792.0,2417.0,
100,100,30333.0,2250.0,
100,100,22500.0,3250.0,
100,100,18333.0,1791.0,
100,100,16792.0,1792.0,
100,100,18625.0,1958.0,
100,100,17375.0,1875.0,
100,100,16458.0,1750.0,
100,100,14000.0,1791.0,
100,100,16125.0,1792.0,
100,100,30833.0,1833.0,
100,100,20917.0,1750.0,
100,50,284083.0,2292.0,
100,50,29875.0,2042.0,
100,50,27875.0,1834.0,
100,50,22792.0,1834.0,
100,50,27333.0,1792.0,
100,50,95875.0,1959.0,
100,50,29833.0,2041.0,
100,50,33542.0,1958.0,
100,50,45250.0,1917.0,
100,50,26708.0,1834.0,
100,50,40875.0,2750.0,
100,50,81084.0,1834.0,
100,50,22500.0,1792.0,
100,50,27000.0,1792.0,
100,50,20958.0,1792.0,
100,50,20791.0,1750.0,
100,50,20042.0,1834.0,
100,50,38916.0,1750.0,
100,50,22875.0,1750.0,
100,50,33500.0,1875.0,
100,50,31542.0,1750.0,
100,50,23416.0,2209.0,
100,50,28917.0,2375.0,
100,50,43666.0,2125.0,
100,50,35375.0,1875.0,
100,50,36375.0,2250.0,
100,50,41250.0,2417.0,
100,50,32834.0,1791.0,
100,50,22458.0,1666.0,
100,50,52958.0,2291.0,
100,34,164375.0,2000.0,
100,34,39750.0,2583.0,
100,34,40666.0,1875.0,
100,34,29750.0,1792.0,
100,34,24125.0,1833.0,
100,34,32834.0,1750.0,
100,34,51875.0,1750.0,
100,34,38042.0,1917.0,
100,34,31000.0,2125.0,
100,34,33167.0,2000.0,
100,34,49792.0,2250.0,
100,34,39000.0,2959.0,
100,34,51167.0,1958.0,
100,34,42250.0,1917.0,
100,34,33250.0,1833.0,
100,34,23333.0,1750.0,
100,34,116833.0,1875.0,
100,34,27875.0,1750.0,
100,34,28042.0,2209.0,
100,34,27916.0,1834.0,
100,34,33375.0,2000.0,
100,34,26666.0,2500.0,
100,34,20750.0,1833.0,
100,34,18750.0,1792.0,
100,34,19125.0,1750.0,
100,34,26667.0,1750.0,
100,34,24625.0,3708.0,
100,34,35791.0,3125.0,
100,34,35541.0,1917.0,
100,34,27125.0,1875.0,
100,25,206750.0,2416.0,
100,25,77083.0,1916.0,
100,25,46708.0,2708.0,
100,25,37416.0,1958.0,
100,25,37500.0,2208.0,
100,25,32542.0,1792.0,
100,25,32792.0,1834.0,
100,25,41167.0,1959.0,
100,25,31417.0,1833.0,
100,25,27000.0,1708.0,
100,25,43333.0,1833.0,
100,25,57958.0,1709.0,
100,25,41166.0,2709.0,
100,25,31208.0,1875.0,
100,25,35500.0,2000.0,
100,25,43958.0,1834.0,
100,25,27208.0,1708.0,
100,25,37083.0,1958.0,
100,25,44375.0,1916.0,
100,25,29542.0,1958.0,
100,25,28584.0,2000.0,
100,25,19875.0,1792.0,
100,25,23125.0,5167.0,
100,25,23042.0,2084.0,
100,25,26125.0,500.0,
100,25,33792.0,583.0,
100,25,25167.0,708.0,
100,25,22958.0,459.0,
100,25,22917.0,416.0,
100,25,22542.0,458.0,
100,20,258375.0,625.0,
100,20,36708.0,417.0,
100,20,27750.0,458.0,
100,20,26542.0,458.0,
100,20,32333.0,875.0,
100,20,40667.0,667.0,
100,20,61958.0,583.0,
100,20,57666.0,458.0,
100,20,43041.0,542.0,
100,20,45667.0,625.0,
100,20,45625.0,667.0,
100,20,52750.0,625.0,
100,20,47750.0,875.0,
100,20,69541.0,583.0,
100,20,36250.0,458.0,
100,20,44625.0,417.0,
100,20,47583.0,667.0,
100,20,38542.0,500.0,
100,20,45416.0,709.0,
100,20,42666.0,667.0,
100,20,47292.0,708.0,
100,20,36500.0,625.0,
100,20,59375.0,583.0,
100,20,48917.0,625.0,
100,20,51417.0,542.0,
100,20,56708.0,416.0,
100,20,34959.0,708.0,
100,20,88417.0,750.0,
100,20,35334.0,542.0,
100,20,36167.0,625.0,
100,17,361875.0,709.0,
100,17,61333.0,625.0,
100,17,33625.0,459.0,
100,17,56875.0,542.0,
100,17,26417.0,417.0,
100,17,60375.0,500.0,
100,17,25542.0,417.0,
100,17,23167.0,542.0,
100,17,25375.0,625.0,
100,17,23417.0,458.0,
100,17,25000.0,375.0,
100,17,26083.0,417.0,
100,17,28500.0,417.0,
100,17,30750.0,417.0,
100,17,35833.0,666.0,
100,17,43458.0,667.0,
100,17,31250.0,584.0,
100,17,26542.0,458.0,
100,17,28166.0,416.0,
100,17,24959.0,416.0,
100,17,42625.0,375.0,
100,17,20791.0,417.0,
100,17,23208.0,417.0,
100,17,19333.0,375.0,
100,17,37458.0,417.0,
100,17,29333.0,416.0,
100,17,33125.0,375.0,
100,17,29834.0,417.0,
100,17,54792.0,500.0,
100,17,28334.0,459.0,
100,15,271416.0,875.0,
100,15,49416.0,750.0,
100,15,42709.0,750.0,
100,15,34042.0,1125.0,
100,15,81000.0,833.0,
100,15,31417.0,708.0,
100,15,36542.0,666.0,
100,15,41625.0,750.0,
100,15,31583.0,1042.0,
100,15,21166.0,458.0,
100,15,32417.0,417.0,
100,15,29000.0,500.0,
100,15,23833.0,417.0,
100,15,29583.0,500.0,
100,15,36000.0,1583.0,
100,15,35292.0,750.0,
100,15,50542.0,791.0,
100,15,30166.0,667.0,
100,15,39000.0,791.0,
100,15,45833.0,875.0,
100,15,37875.0,708.0,
100,15,26125.0,500.0,
100,15,25000.0,417.0,
100,15,24083.0,375.0,
100,15,24750.0,417.0,
100,15,49416.0,500.0,
100,15,33083.0,458.0,
100,15,39042.0,417.0,
100,15,40875.0,500.0,
100,15,24625.0,417.0,
100,13,247750.0,458.0,
100,13,27583.0,416.0,
100,13,39250.0,416.0,
100,13,20000.0,375.0,
100,13,113959.0,667.0,
100,13,21666.0,417.0,
100,13,45750.0,417.0,
100,13,36041.0,4208.0,
100,13,21916.0,416.0,
100,13,31541.0,416.0,
100,13,21666.0,417.0,
100,13,20292.0,416.0,
100,13,78208.0,417.0,
100,13,24084.0,416.0,
100,13,23583.0,416.0,
100,13,21417.0,500.0,
100,13,50292.0,1083.0,
100,13,50875.0,542.0,
100,13,41208.0,625.0,
100,13,34667.0,625.0,
100,13,34875.0,834.0,
100,13,49417.0,625.0,
100,13,33916.0,542.0,
100,13,37625.0,417.0,
100,13,31917.0,542.0,
100,13,33125.0,417.0,
100,13,26750.0,834.0,
100,13,57042.0,750.0,
100,13,33250.0,708.0,
100,13,24583.0,625.0,
1000,1000,158375.0,2625.0,
1000,1000,11875.0,2416.0,
1000,1000,10792.0,2416.0,
1000,1000,10333.0,3416.0,
1000,1000,9750.0,2416.0,
1000,1000,22083.0,2458.0,
1000,1000,24167.0,2541.0,
1000,1000,19291.0,2375.0,
1000,1000,17334.0,2333.0,
1000,1000,20125.0,2375.0,
1000,1000,14291.0,2458.0,
1000,1000,16500.0,4250.0,
1000,1000,21000.0,2708.0,
1000,1000,10875.0,2375.0,
1000,1000,10208.0,2417.0,
1000,1000,10125.0,2375.0,
1000,1000,19167.0,2583.0,
1000,1000,13333.0,2375.0,
1000,1000,11041.0,2375.0,
1000,1000,9750.0,2291.0,
1000,1000,10291.0,3042.0,
1000,1000,9250.0,2333.0,
1000,1000,8459.0,2375.0,
1000,1000,8166.0,2291.0,
1000,1000,8416.0,2333.0,
1000,1000,9875.0,2334.0,
1000,1000,10917.0,2459.0,
1000,1000,11750.0,2417.0,
1000,1000,9875.0,8917.0,
1000,1000,10000.0,2417.0,
1000,500,241083.0,2667.0,
1000,500,14542.0,2417.0,
1000,500,11250.0,2375.0,
1000,500,10958.0,2333.0,
1000,500,11334.0,2375.0,
1000,500,9833.0,2333.0,
1000,500,16000.0,3084.0,
1000,500,14292.0,2334.0,
1000,500,9375.0,2292.0,
1000,500,10000.0,2333.0,
1000,500,9291.0,2333.0,
1000,500,9416.0,2291.0,
1000,500,9541.0,2333.0,
1000,500,9291.0,2333.0,
1000,500,9500.0,2875.0,
1000,500,9125.0,2333.0,
1000,500,15750.0,2416.0,
1000,500,18292.0,2959.0,
1000,500,32833.0,2583.0,
1000,500,14583.0,2708.0,
1000,500,20666.0,2708.0,
1000,500,11500.0,2416.0,
1000,500,15167.0,20958.0,
1000,500,20250.0,2584.0,
1000,500,14709.0,2625.0,
1000,500,22209.0,2583.0,
1000,500,16458.0,2459.0,
1000,500,12416.0,2375.0,
1000,500,11709.0,2333.0,
1000,500,13917.0,2375.0,
1000,334,124958.0,2708.0,
1000,334,24083.0,17542.0,
1000,334,18583.0,2750.0,
1000,334,30708.0,2792.0,
1000,334,17625.0,2458.0,
1000,334,13000.0,2583.0,
1000,334,15083.0,2625.0,
1000,334,14459.0,2333.0,
1000,334,13916.0,2458.0,
1000,334,15250.0,22083.0,
1000,334,11875.0,2416.0,
1000,334,12166.0,2459.0,
1000,334,11916.0,2375.0,
1000,334,10500.0,2375.0,
1000,334,12791.0,2333.0,
1000,334,11500.0,2417.0,
1000,334,10667.0,2333.0,
1000,334,11167.0,13917.0,
1000,334,12625.0,2333.0,
1000,334,10042.0,2292.0,
1000,334,10625.0,2333.0,
1000,334,28750.0,958.0,
1000,334,17666.0,1000.0,
1000,334,22000.0,917.0,
1000,334,15958.0,834.0,
1000,334,10459.0,792.0,
1000,334,11458.0,750.0,
1000,334,9542.0,792.0,
1000,334,9542.0,792.0,
1000,334,9625.0,750.0,
1000,250,174708.0,833.0,
1000,250,12208.0,792.0,
1000,250,12375.0,750.0,
1000,250,12125.0,750.0,
1000,250,21625.0,1042.0,
1000,250,27042.0,875.0,
1000,250,21458.0,1000.0,
1000,250,23708.0,833.0,
1000,250,15084.0,917.0,
1000,250,12750.0,792.0,
1000,250,11834.0,750.0,
1000,250,11542.0,750.0,
1000,250,25334.0,792.0,
1000,250,17792.0,792.0,
1000,250,21083.0,1000.0,
1000,250,25417.0,875.0,
1000,250,18166.0,791.0,
1000,250,17833.0,750.0,
1000,250,17000.0,750.0,
1000,250,16500.0,750.0,
1000,250,17125.0,792.0,
1000,250,17333.0,750.0,
1000,250,15459.0,875.0,
1000,250,13334.0,917.0,
1000,250,11000.0,792.0,
1000,250,10625.0,833.0,
1000,250,13541.0,833.0,
1000,250,13750.0,833.0,
1000,250,13417.0,792.0,
1000,250,11667.0,834.0,
1000,200,255209.0,791.0,
1000,200,18000.0,833.0,
1000,200,16000.0,791.0,
1000,200,18084.0,750.0,
1000,200,19708.0,833.0,
1000,200,20250.0,792.0,
1000,200,21583.0,792.0,
1000,200,19958.0,792.0,
1000,200,20084.0,750.0,
1000,200,18958.0,750.0,
1000,200,21375.0,792.0,
1000,200,20750.0,791.0,
1000,200,21667.0,1042.0,
1000,200,30208.0,875.0,
1000,200,19750.0,834.0,
1000,200,21458.0,792.0,
1000,200,49125.0,1000.0,
1000,200,52000.0,1000.0,
1000,200,25625.0,833.0,
1000,200,23083.0,1041.0,
1000,200,29041.0,1000.0,
1000,200,28125.0,959.0,
1000,200,32250.0,959.0,
1000,200,34625.0,917.0,
1000,200,45917.0,875.0,
1000,200,25125.0,1083.0,
1000,200,34625.0,833.0,
1000,200,30792.0,875.0,
1000,200,24500.0,959.0,
1000,200,21209.0,791.0,
1000,167,219459.0,958.0,
1000,167,22167.0,792.0,
1000,167,20750.0,833.0,
1000,167,21000.0,791.0,
1000,167,29042.0,792.0,
1000,167,24541.0,959.0,
1000,167,32833.0,792.0,
1000,167,31041.0,1000.0,
1000,167,29000.0,833.0,
1000,167,24625.0,1041.0,
1000,167,31917.0,917.0,
1000,167,32125.0,1041.0,
1000,167,32375.0,875.0,
1000,167,31792.0,834.0,
1000,167,28959.0,750.0,
1000,167,22625.0,750.0,
1000,167,26833.0,916.0,
1000,167,29208.0,917.0,
1000,167,27959.0,834.0,
1000,167,31208.0,834.0,
1000,167,28917.0,834.0,
1000,167,21625.0,750.0,
1000,167,25500.0,958.0,
1000,167,31709.0,833.0,
1000,167,31167.0,750.0,
1000,167,21291.0,750.0,
1000,167,22458.0,959.0,
1000,167,33125.0,875.0,
1000,167,32333.0,750.0,
1000,167,23042.0,875.0,
1000,143,235750.0,917.0,
1000,143,27875.0,875.0,
1000,143,34291.0,834.0,
1000,143,34083.0,959.0,
1000,143,29375.0,875.0,
1000,143,24334.0,875.0,
1000,143,32708.0,916.0,
1000,143,28667.0,833.0,
1000,143,23542.0,792.0,
1000,143,24333.0,1041.0,
1000,143,31167.0,750.0,
1000,143,26875.0,834.0,
1000,143,28000.0,1000.0,
1000,143,29292.0,875.0,
1000,143,23375.0,750.0,
1000,143,54000.0,958.0,
1000,143,30208.0,834.0,
1000,143,25250.0,750.0,
1000,143,26583.0,916.0,
1000,143,31459.0,958.0,
1000,143,29667.0,834.0,
1000,143,35250.0,834.0,
1000,143,27000.0,917.0,
1000,143,22958.0,792.0,
1000,143,16459.0,750.0,
1000,143,16250.0,833.0,
1000,143,20458.0,792.0,
1000,143,15167.0,792.0,
1000,143,29042.0,1041.0,
1000,143,30125.0,1000.0,
1000,125,251125.0,917.0,
1000,125,34208.0,917.0,
1000,125,31833.0,916.0,
1000,125,22417.0,792.0,
1000,125,20208.0,1000.0,
1000,125,31625.0,833.0,
1000,125,16708.0,833.0,
1000,125,19167.0,792.0,
1000,125,18959.0,791.0,
1000,125,18959.0,750.0,
1000,125,21709.0,833.0,
1000,125,20667.0,875.0,
1000,125,36625.0,792.0,
1000,125,23625.0,1041.0,
1000,125,31417.0,834.0,
1000,125,19417.0,792.0,
1000,125,20542.0,916.0,
1000,125,23291.0,750.0,
1000,125,21834.0,833.0,
1000,125,18250.0,875.0,
1000,125,19917.0,791.0,
1000,125,14917.0,791.0,
1000,125,19667.0,833.0,
1000,125,15958.0,792.0,
1000,125,19916.0,750.0,
1000,125,21541.0,791.0,
1000,125,15958.0,791.0,
1000,125,16750.0,875.0,
1000,125,16250.0,875.0,
1000,125,15541.0,750.0,
10000,10000,107333.0,6750.0,
10000,10000,18917.0,6792.0,
10000,10000,16792.0,6750.0,
10000,10000,15542.0,6709.0,
10000,10000,15667.0,6792.0,
10000,10000,27792.0,6792.0,
10000,10000,17208.0,6750.0,
10000,10000,15875.0,6750.0,
10000,10000,16584.0,6708.0,
10000,10000,19167.0,6708.0,
10000,10000,17083.0,6833.0,
10000,10000,16667.0,6750.0,
10000,10000,21125.0,6708.0,
10000,10000,19167.0,6708.0,
10000,10000,16917.0,6667.0,
10000,10000,15958.0,6750.0,
10000,10000,20583.0,6750.0,
10000,10000,18917.0,6792.0,
10000,10000,22958.0,6792.0,
10000,10000,20334.0,6792.0,
10000,10000,19167.0,6709.0,
10000,10000,17583.0,6667.0,
10000,10000,15333.0,6750.0,
10000,10000,14750.0,6500.0,
10000,10000,15042.0,6750.0,
10000,10000,17459.0,6833.0,
10000,10000,15042.0,6708.0,
10000,10000,14917.0,6708.0,
10000,10000,15583.0,6709.0,
10000,10000,14792.0,6708.0,
10000,5000,168625.0,6833.0,
10000,5000,20792.0,6792.0,
10000,5000,32083.0,6833.0,
10000,5000,22916.0,6791.0,
10000,5000,21500.0,6791.0,
10000,5000,18625.0,6958.0,
10000,5000,22834.0,7083.0,
10000,5000,20542.0,6792.0,
10000,5000,20792.0,6791.0,
10000,5000,18458.0,6833.0,
10000,5000,19917.0,6750.0,
10000,5000,44791.0,7208.0,
10000,5000,24500.0,6875.0,
10000,5000,18875.0,6792.0,
10000,5000,20750.0,6792.0,
10000,5000,16333.0,6750.0,
10000,5000,30292.0,6792.0,
10000,5000,18833.0,6750.0,
10000,5000,22917.0,6834.0,
10000,5000,17666.0,6750.0,
10000,5000,24500.0,6792.0,
10000,5000,48667.0,7042.0,
10000,5000,23542.0,6750.0,
10000,5000,25833.0,6833.0,
10000,5000,33750.0,6959.0,
10000,5000,36917.0,6750.0,
10000,5000,26125.0,6666.0,
10000,5000,42292.0,7042.0,
10000,5000,27500.0,6750.0,
10000,5000,16792.0,6709.0,
10000,3334,211125.0,7500.0,
10000,3334,36500.0,7000.0,
10000,3334,29833.0,6792.0,
10000,3334,33708.0,7000.0,
10000,3334,38334.0,6792.0,
10000,3334,36958.0,7125.0,
10000,3334,50166.0,6833.0,
10000,3334,27625.0,6833.0,
10000,3334,18625.0,6834.0,
10000,3334,20166.0,6792.0,
10000,3334,41708.0,6833.0,
10000,3334,23125.0,6833.0,
10000,3334,32541.0,6917.0,
10000,3334,22625.0,6708.0,
10000,3334,37084.0,6916.0,
10000,3334,27958.0,6875.0,
10000,3334,20208.0,6750.0,
10000,3334,28458.0,6917.0,
10000,3334,27459.0,6792.0,
10000,3334,38125.0,7417.0,
10000,3334,24292.0,7083.0,
10000,3334,39667.0,7125.0,
10000,3334,32375.0,6750.0,
10000,3334,26542.0,6792.0,
10000,3334,32791.0,6875.0,
10000,3334,27875.0,6750.0,
10000,3334,24083.0,6875.0,
10000,3334,32625.0,7000.0,
10000,3334,39875.0,6958.0,
10000,3334,24542.0,6750.0,
10000,2500,237958.0,6916.0,
10000,2500,74791.0,6834.0,
10000,2500,20959.0,6833.0,
10000,2500,25375.0,6792.0,
10000,2500,27542.0,6708.0,
10000,2500,40750.0,7208.0,
10000,2500,37292.0,6917.0,
10000,2500,30417.0,6708.0,
10000,2500,33625.0,7208.0,
10000,2500,29292.0,8334.0,
10000,2500,23833.0,6750.0,
10000,2500,20875.0,6792.0,
10000,2500,33500.0,6875.0,
10000,2500,21375.0,6750.0,
10000,2500,25583.0,6875.0,
10000,2500,36333.0,7041.0,
10000,2500,35417.0,7000.0,
10000,2500,34834.0,7000.0,
10000,2500,44917.0,7292.0,
10000,2500,64166.0,6875.0,
10000,2500,41041.0,7459.0,
10000,2500,54375.0,7000.0,
10000,2500,29250.0,6750.0,
10000,2500,22125.0,6875.0,
10000,2500,38250.0,7042.0,
10000,2500,26625.0,6875.0,
10000,2500,40417.0,7042.0,
10000,2500,34875.0,6917.0,
10000,2500,35208.0,6791.0,
10000,2500,26458.0,8333.0,
10000,2000,361959.0,6958.0,
10000,2000,28458.0,6833.0,
10000,2000,37167.0,7000.0,
10000,2000,31792.0,6833.0,
10000,2000,27000.0,6833.0,
10000,2000,25542.0,6750.0,
10000,2000,36125.0,6833.0,
10000,2000,49125.0,7166.0,
10000,2000,47792.0,6916.0,
10000,2000,64958.0,7209.0,
10000,2000,45500.0,7000.0,
10000,2000,55833.0,6916.0,
10000,2000,59708.0,6875.0,
10000,2000,36333.0,7041.0,
10000,2000,52583.0,6958.0,
10000,2000,33167.0,6875.0,
10000,2000,21875.0,7167.0,
10000,2000,57375.0,7333.0,
10000,2000,40125.0,6833.0,
10000,2000,30375.0,7125.0,
10000,2000,34583.0,6917.0,
10000,2000,49041.0,7583.0,
10000,2000,35292.0,7250.0,
10000,2000,36291.0,6959.0,
10000,2000,34792.0,7291.0,
10000,2000,27708.0,6834.0,
10000,2000,26875.0,6709.0,
10000,2000,25750.0,6875.0,
10000,2000,43292.0,7000.0,
10000,2000,43375.0,6792.0,
10000,1667,318208.0,6875.0,
10000,1667,27708.0,6791.0,
10000,1667,30000.0,6875.0,
10000,1667,27125.0,6750.0,
10000,1667,64667.0,6792.0,
10000,1667,32209.0,6916.0,
10000,1667,37375.0,6917.0,
10000,1667,43000.0,7125.0,
10000,1667,40708.0,6917.0,
10000,1667,53791.0,6875.0,
10000,1667,44500.0,7917.0,
10000,1667,24250.0,6625.0,
10000,1667,37208.0,6750.0,
10000,1667,27416.0,6750.0,
10000,1667,41416.0,6667.0,
10000,1667,38625.0,6791.0,
10000,1667,49416.0,6792.0,
10000,1667,31000.0,6667.0,
10000,1667,35667.0,6708.0,
10000,1667,37917.0,6500.0,
10000,1667,36042.0,6542.0,
10000,1667,37583.0,6584.0,
10000,1667,40166.0,7083.0,
10000,1667,36708.0,6750.0,
10000,1667,29625.0,6500.0,
10000,1667,35333.0,6792.0,
10000,1667,36625.0,6708.0,
10000,1667,32458.0,6625.0,
10000,1667,85708.0,6625.0,
10000,1667,34875.0,6708.0,
10000,1429,270834.0,6625.0,
10000,1429,88042.0,6667.0,
10000,1429,25833.0,6792.0,
10000,1429,41833.0,13916.0,
10000,1429,41250.0,6667.0,
10000,1429,37625.0,7041.0,
10000,1429,38125.0,6583.0,
10000,1429,32875.0,6875.0,
10000,1429,59667.0,6958.0,
10000,1429,49666.0,6708.0,
10000,1429,40042.0,6667.0,
10000,1429,40292.0,7084.0,
10000,1429,31625.0,6583.0,
10000,1429,34959.0,6667.0,
10000,1429,41792.0,6666.0,
10000,1429,36375.0,6583.0,
10000,1429,42041.0,6667.0,
10000,1429,36125.0,6500.0,
10000,1429,38541.0,6708.0,
10000,1429,39083.0,6625.0,
10000,1429,33209.0,6417.0,
10000,1429,37916.0,6667.0,
10000,1429,40666.0,6792.0,
10000,1429,43375.0,6500.0,
10000,1429,39541.0,6791.0,
10000,1429,64625.0,6708.0,
10000,1429,42209.0,6667.0,
10000,1429,42041.0,6667.0,
10000,1429,40916.0,6667.0,
10000,1429,32542.0,6583.0,
10000,1250,295792.0,6583.0,
10000,1250,30708.0,6625.0,
10000,1250,139042.0,6541.0,
10000,1250,23042.0,6708.0,
10000,1250,48667.0,6750.0,
10000,1250,29958.0,6667.0,
10000,1250,31625.0,6709.0,
10000,1250,30541.0,6625.0,
10000,1250,34542.0,6458.0,
10000,1250,27334.0,6750.0,
10000,1250,40958.0,6708.0,
10000,1250,40750.0,6583.0,
10000,1250,32042.0,6709.0,
10000,1250,23416.0,6625.0,
10000,1250,24000.0,6583.0,
10000,1250,48959.0,6667.0,
10000,1250,116333.0,6583.0,
10000,1250,24167.0,6541.0,
10000,1250,44042.0,6750.0,
10000,1250,32875.0,6916.0,
10000,1250,39333.0,6834.0,
10000,1250,33958.0,6625.0,
10000,1250,36417.0,6542.0,
10000,1250,33250.0,6500.0,
10000,1250,25000.0,6750.0,
10000,1250,24750.0,6750.0,
10000,1250,49208.0,6792.0,
10000,1250,67666.0,6750.0,
10000,1250,60250.0,6750.0,
10000,1250,46333.0,6666.0,
100000,100000,275250.0,66166.0,
100000,100000,99459.0,66208.0,
100000,100000,99000.0,66208.0,
100000,100000,84458.0,64667.0,
100000,100000,90458.0,66083.0,
100000,100000,84042.0,64166.0,
100000,100000,86166.0,63917.0,
100000,100000,94000.0,64084.0,
100000,100000,104292.0,63666.0,
100000,100000,105417.0,66083.0,
100000,100000,99833.0,70167.0,
100000,100000,101500.0,63917.0,
100000,100000,94542.0,65667.0,
100000,100000,126291.0,66542.0,
100000,100000,95292.0,67167.0,
100000,100000,84792.0,64291.0,
100000,100000,95834.0,67166.0,
100000,100000,96458.0,66083.0,
100000,100000,101084.0,66042.0,
100000,100000,80417.0,64042.0,
100000,100000,98166.0,66958.0,
100000,100000,89208.0,63958.0,
100000,100000,114584.0,66333.0,
100000,100000,84666.0,66334.0,
100000,100000,93500.0,64916.0,
100000,100000,103041.0,66292.0,
100000,100000,85208.0,64041.0,
100000,100000,85792.0,64042.0,
100000,100000,82041.0,63917.0,
100000,100000,86083.0,64083.0,
100000,50000,283375.0,66125.0,
100000,50000,72875.0,66125.0,
100000,50000,82542.0,66375.0,
100000,50000,86625.0,66209.0,
100000,50000,77875.0,66458.0,
100000,50000,63000.0,66500.0,
100000,50000,91583.0,68542.0,
100000,50000,88458.0,63125.0,
100000,50000,80959.0,66209.0,
100000,50000,105875.0,66042.0,
100000,50000,86959.0,67750.0,
100000,50000,82416.0,63708.0,
100000,50000,87459.0,65500.0,
100000,50000,79292.0,66625.0,
100000,50000,164750.0,65500.0,
100000,50000,146250.0,65125.0,
100000,50000,103458.0,66000.0,
100000,50000,93375.0,66083.0,
100000,50000,111209.0,68250.0,
100000,50000,78500.0,66875.0,
100000,50000,78250.0,67125.0,
100000,50000,71042.0,66000.0,
100000,50000,69500.0,66084.0,
100000,50000,61792.0,66083.0,
100000,50000,75083.0,66084.0,
100000,50000,64792.0,69334.0,
100000,50000,83458.0,66208.0,
100000,50000,92208.0,65417.0,
100000,50000,81459.0,65125.0,
100000,50000,79875.0,66167.0,
100000,33334,270792.0,63250.0,
100000,33334,81708.0,66417.0,
100000,33334,149667.0,65542.0,
100000,33334,79666.0,65375.0,
100000,33334,83834.0,64542.0,
100000,33334,98792.0,66583.0,
100000,33334,126291.0,65500.0,
100000,33334,71000.0,66125.0,
100000,33334,79458.0,66333.0,
100000,33334,83708.0,66333.0,
100000,33334,86084.0,66209.0,
100000,33334,77167.0,65042.0,
100000,33334,76250.0,64958.0,
100000,33334,71417.0,65166.0,
100000,33334,70708.0,65250.0,
100000,33334,161584.0,65250.0,
100000,33334,82084.0,67958.0,
100000,33334,94125.0,62250.0,
100000,33334,87833.0,66250.0,
100000,33334,123250.0,65875.0,
100000,33334,84500.0,65917.0,
100000,33334,84917.0,66291.0,
100000,33334,100375.0,64292.0,
100000,33334,79125.0,65292.0,
100000,33334,78291.0,64208.0,
100000,33334,78042.0,65375.0,
100000,33334,80875.0,65709.0,
100000,33334,81791.0,75917.0,
100000,33334,75333.0,65083.0,
100000,33334,70542.0,65583.0,
100000,25000,305042.0,67125.0,
100000,25000,126458.0,64416.0,
100000,25000,91250.0,64583.0,
100000,25000,72875.0,65834.0,
100000,25000,73000.0,66125.0,
100000,25000,76625.0,66833.0,
100000,25000,75458.0,65500.0,
100000,25000,143583.0,66333.0,
100000,25000,109500.0,66791.0,
100000,25000,87708.0,67500.0,
100000,25000,104709.0,64083.0,
100000,25000,94166.0,66500.0,
100000,25000,88333.0,77666.0,
100000,25000,122167.0,67125.0,
100000,25000,92708.0,63209.0,
100000,25000,102166.0,64500.0,
100000,25000,73792.0,66916.0,
100000,25000,72542.0,65875.0,
100000,25000,70834.0,65792.0,
100000,25000,93000.0,64666.0,
100000,25000,94333.0,63917.0,
100000,25000,80208.0,66084.0,
100000,25000,90458.0,66833.0,
100000,25000,71000.0,66042.0,
100000,25000,82833.0,66042.0,
100000,25000,104250.0,64833.0,
100000,25000,99416.0,67083.0,
100000,25000,100625.0,65875.0,
100000,25000,61167.0,66666.0,
100000,25000,79208.0,66708.0,
100000,20000,387416.0,64959.0,
100000,20000,130542.0,66791.0,
100000,20000,76291.0,64833.0,
100000,20000,64625.0,70416.0,
100000,20000,78041.0,67334.0,
100000,20000,65792.0,69334.0,
100000,20000,63166.0,66125.0,
100000,20000,81875.0,66000.0,
100000,20000,113708.0,68750.0,
100000,20000,70791.0,66333.0,
100000,20000,92500.0,62291.0,
100000,20000,85500.0,62208.0,
100000,20000,81875.0,69625.0,
100000,20000,91958.0,67291.0,
100000,20000,90125.0,67125.0,
100000,20000,110708.0,66333.0,
100000,20000,94417.0,66125.0,
100000,20000,96250.0,62333.0,
100000,20000,90583.0,68708.0,
100000,20000,85042.0,64708.0,
100000,20000,135417.0,62458.0,
100000,20000,96625.0,68958.0,
100000,20000,86833.0,64125.0,
100000,20000,78916.0,64459.0,
100000,20000,71958.0,67542.0,
100000,20000,91000.0,65417.0,
100000,20000,65750.0,64542.0,
100000,20000,69791.0,64208.0,
100000,20000,93458.0,65750.0,
100000,20000,87791.0,67250.0,
100000,16667,450584.0,64708.0,
100000,16667,90959.0,66083.0,
100000,16667,87958.0,66000.0,
100000,16667,128958.0,62167.0,
100000,16667,70042.0,66375.0,
100000,16667,50875.0,66292.0,
100000,16667,73458.0,70000.0,
100000,16667,66917.0,66041.0,
100000,16667,93791.0,65625.0,
100000,16667,96834.0,92000.0,
100000,16667,83291.0,62583.0,
100000,16667,90000.0,87375.0,
100000,16667,91417.0,67292.0,
100000,16667,75083.0,64458.0,
100000,16667,103375.0,92708.0,
100000,16667,74791.0,68625.0,
100000,16667,91125.0,64250.0,
100000,16667,83500.0,70500.0,
100000,16667,99583.0,66333.0,
100000,16667,107042.0,90125.0,
100000,16667,69833.0,66375.0,
100000,16667,73750.0,66000.0,
100000,16667,104959.0,66000.0,
100000,16667,84459.0,82667.0,
100000,16667,138083.0,63583.0,
100000,16667,80959.0,66084.0,
100000,16667,87333.0,62208.0,
100000,16667,84208.0,70542.0,
100000,16667,111375.0,63667.0,
100000,16667,135041.0,69750.0,
100000,14286,432791.0,64750.0,
100000,14286,159250.0,63917.0,
100000,14286,262375.0,65209.0,
100000,14286,117250.0,64375.0,
100000,14286,98834.0,113333.0,
100000,14286,88834.0,64167.0,
100000,14286,85208.0,69208.0,
100000,14286,99708.0,92334.0,
100000,14286,112292.0,65666.0,
100000,14286,153000.0,64750.0,
100000,14286,178959.0,71916.0,
100000,14286,85792.0,64417.0,
100000,14286,103125.0,92875.0,
100000,14286,94417.0,62167.0,
100000,14286,113083.0,92666.0,
100000,14286,137875.0,66917.0,
100000,14286,112542.0,79042.0,
100000,14286,138125.0,65375.0,
100000,14286,92833.0,66125.0,
100000,14286,120416.0,66292.0,
100000,14286,80125.0,66167.0,
100000,14286,98917.0,66334.0,
100000,14286,95708.0,66209.0,
100000,14286,117375.0,66625.0,
100000,14286,115500.0,66125.0,
100000,14286,113750.0,82250.0,
100000,14286,121000.0,63375.0,
100000,14286,75291.0,65042.0,
100000,14286,102958.0,65917.0,
100000,14286,131333.0,74584.0,
100000,12500,493750.0,69583.0,
100000,12500,159417.0,65334.0,
100000,12500,87208.0,107709.0,
100000,12500,87250.0,64791.0,
100000,12500,87959.0,65083.0,
100000,12500,101083.0,100083.0,
100000,12500,119542.0,65500.0,
100000,12500,82166.0,65792.0,
100000,12500,78458.0,64541.0,
100000,12500,75125.0,66458.0,
100000,12500,99792.0,97667.0,
100000,12500,81541.0,67584.0,
100000,12500,103375.0,65958.0,
100000,12500,103500.0,64167.0,
100000,12500,113250.0,67542.0,
100000,12500,112125.0,66958.0,
100000,12500,109208.0,66375.0,
100000,12500,98625.0,66667.0,
100000,12500,87041.0,64959.0,
100000,12500,137250.0,103500.0,
100000,12500,139709.0,63208.0,
100000,12500,101833.0,65917.0,
100000,12500,106875.0,65166.0,
100000,12500,175459.0,66250.0,
100000,12500,75959.0,69125.0,
100000,12500,117250.0,63458.0,
100000,12500,141083.0,65167.0,
100000,12500,99125.0,69958.0,
100000,12500,110000.0,68333.0,
100000,12500,126333.0,86083.0,
1000000,1000000,1159000.0,624417.0,
1000000,1000000,730250.0,625542.0,
1000000,1000000,817667.0,625542.0,
1000000,1000000,714541.0,655208.0,
1000000,1000000,906625.0,646583.0,
1000000,1000000,985167.0,632334.0,
1000000,1000000,1056042.0,642125.0,
1000000,1000000,710625.0,623292.0,
1000000,1000000,9240500.0,741334.0,
1000000,1000000,690833.0,622292.0,
1000000,1000000,688750.0,626417.0,
1000000,1000000,751167.0,673083.0,
1000000,1000000,683250.0,623292.0,
1000000,1000000,1160458.0,624416.0,
1000000,1000000,698208.0,634625.0,
1000000,1000000,704209.0,637125.0,
1000000,1000000,704375.0,629875.0,
1000000,1000000,725542.0,625000.0,
1000000,1000000,750875.0,645459.0,
1000000,1000000,699792.0,625750.0,
1000000,1000000,755875.0,714333.0,
1000000,1000000,737292.0,633250.0,
1000000,1000000,1187917.0,625958.0,
1000000,1000000,703917.0,647083.0,
1000000,1000000,956875.0,640375.0,
1000000,1000000,706958.0,624792.0,
1000000,1000000,739542.0,642083.0,
1000000,1000000,847834.0,887833.0,
1000000,1000000,776500.0,637708.0,
1000000,1000000,726458.0,625584.0,
1000000,500000,640042.0,629250.0,
1000000,500000,472416.0,628334.0,
1000000,500000,386500.0,639750.0,
1000000,500000,532750.0,633750.0,
1000000,500000,436917.0,647916.0,
1000000,500000,388750.0,625708.0,
1000000,500000,426750.0,649875.0,
1000000,500000,388459.0,625292.0,
1000000,500000,476666.0,657667.0,
1000000,500000,395125.0,645791.0,
1000000,500000,403625.0,640000.0,
1000000,500000,502917.0,630333.0,
1000000,500000,408084.0,635041.0,
1000000,500000,399500.0,626667.0,
1000000,500000,412208.0,656292.0,
1000000,500000,489500.0,633042.0,
1000000,500000,396792.0,626917.0,
1000000,500000,534667.0,663208.0,
1000000,500000,608208.0,626792.0,
1000000,500000,502917.0,657583.0,
1000000,500000,477375.0,635042.0,
1000000,500000,496917.0,639167.0,
1000000,500000,501042.0,648416.0,
1000000,500000,493209.0,636584.0,
1000000,500000,395042.0,626000.0,
1000000,500000,417041.0,657292.0,
1000000,500000,749250.0,632875.0,
1000000,500000,510250.0,629834.0,
1000000,500000,533209.0,706875.0,
1000000,500000,434500.0,650833.0,
1000000,333334,900209.0,652667.0,
1000000,333334,438459.0,650250.0,
1000000,333334,885292.0,689208.0,
1000000,333334,423292.0,646208.0,
1000000,333334,495209.0,646625.0,
1000000,333334,439208.0,631875.0,
1000000,333334,573625.0,695208.0,
1000000,333334,503209.0,651458.0,
1000000,333334,581417.0,641583.0,
1000000,333334,492917.0,635416.0,
1000000,333334,405167.0,625166.0,
1000000,333334,1077666.0,642542.0,
1000000,333334,497542.0,627875.0,
1000000,333334,512250.0,686500.0,
1000000,333334,591500.0,624916.0,
1000000,333334,432875.0,636209.0,
1000000,333334,440916.0,642667.0,
1000000,333334,667916.0,635042.0,
1000000,333334,403375.0,632584.0,
1000000,333334,409416.0,631959.0,
1000000,333334,519125.0,706375.0,
1000000,333334,502792.0,635875.0,
1000000,333334,523875.0,658625.0,
1000000,333334,399917.0,626541.0,
1000000,333334,513625.0,639709.0,
1000000,333334,429667.0,628708.0,
1000000,333334,470958.0,626209.0,
1000000,333334,391375.0,626208.0,
1000000,333334,391875.0,625667.0,
1000000,333334,391250.0,654208.0,
1000000,250000,575833.0,646667.0,
1000000,250000,271208.0,628583.0,
1000000,250000,323792.0,628375.0,
1000000,250000,286583.0,638042.0,
1000000,250000,408750.0,638791.0,
1000000,250000,441000.0,633584.0,
1000000,250000,303000.0,634667.0,
1000000,250000,269250.0,624083.0,
1000000,250000,254000.0,624875.0,
1000000,250000,239875.0,626834.0,
1000000,250000,252834.0,649625.0,
1000000,250000,367875.0,629709.0,
1000000,250000,307334.0,652208.0,
1000000,250000,927750.0,633125.0,
1000000,250000,248250.0,631834.0,
1000000,250000,271833.0,638917.0,
1000000,250000,294542.0,630791.0,
1000000,250000,879208.0,630542.0,
1000000,250000,692208.0,636542.0,
1000000,250000,246125.0,626125.0,
1000000,250000,245083.0,627208.0,
1000000,250000,757958.0,640958.0,
1000000,250000,360291.0,627834.0,
1000000,250000,295792.0,633333.0,
1000000,250000,283250.0,670083.0,
1000000,250000,329334.0,643375.0,
1000000,250000,486834.0,680541.0,
1000000,250000,328500.0,649000.0,
1000000,250000,276750.0,624416.0,
1000000,250000,271333.0,631583.0,
1000000,200000,614417.0,653167.0,
1000000,200000,299459.0,633792.0,
1000000,200000,352500.0,643458.0,
1000000,200000,295250.0,636125.0,
1000000,200000,343625.0,656458.0,
1000000,200000,301042.0,629209.0,
1000000,200000,267667.0,652708.0,
1000000,200000,564375.0,633541.0,
1000000,200000,433667.0,632916.0,
1000000,200000,444084.0,789625.0,
1000000,200000,311000.0,654583.0,
1000000,200000,273042.0,650167.0,
1000000,200000,270041.0,627500.0,
1000000,200000,337458.0,639792.0,
1000000,200000,340000.0,689250.0,
1000000,200000,312292.0,670416.0,
1000000,200000,276459.0,635208.0,
1000000,200000,310125.0,634084.0,
1000000,200000,423583.0,669042.0,
1000000,200000,377834.0,634459.0,
1000000,200000,407458.0,633459.0,
1000000,200000,246916.0,644584.0,
1000000,200000,369166.0,637750.0,
1000000,200000,455250.0,645583.0,
1000000,200000,809000.0,642542.0,
1000000,200000,398000.0,659250.0,
1000000,200000,804833.0,642458.0,
1000000,200000,409459.0,630334.0,
1000000,200000,253833.0,633250.0,
1000000,200000,423083.0,632500.0,
1000000,166667,949375.0,659916.0,
1000000,166667,250542.0,639166.0,
1000000,166667,413917.0,634916.0,
1000000,166667,439166.0,651000.0,
1000000,166667,405583.0,628208.0,
1000000,166667,818083.0,629625.0,
1000000,166667,389083.0,636584.0,
1000000,166667,446542.0,638875.0,
1000000,166667,262916.0,627750.0,
1000000,166667,302458.0,644250.0,
1000000,166667,329542.0,655083.0,
1000000,166667,437792.0,630334.0,
1000000,166667,436917.0,644583.0,
1000000,166667,410625.0,640500.0,
1000000,166667,311625.0,628917.0,
1000000,166667,414000.0,627417.0,
1000000,166667,434584.0,636958.0,
1000000,166667,362333.0,627708.0,
1000000,166667,327417.0,628583.0,
1000000,166667,307250.0,629708.0,
1000000,166667,421500.0,653959.0,
1000000,166667,417667.0,629959.0,
1000000,166667,274792.0,637667.0,
1000000,166667,329625.0,655667.0,
1000000,166667,433834.0,633625.0,
1000000,166667,356000.0,631458.0,
1000000,166667,454875.0,636292.0,
1000000,166667,260500.0,649708.0,
1000000,166667,335291.0,653375.0,
1000000,166667,243125.0,663334.0,
1000000,142858,599834.0,653959.0,
1000000,142858,242667.0,645416.0,
1000000,142858,255000.0,637417.0,
1000000,142858,329292.0,631291.0,
1000000,142858,391459.0,638708.0,
1000000,142858,249041.0,638875.0,
1000000,142858,288000.0,640500.0,
1000000,142858,610834.0,1272958.0,
1000000,142858,355875.0,630292.0,
1000000,142858,414708.0,681667.0,
1000000,142858,281458.0,682083.0,
1000000,142858,275500.0,642833.0,
1000000,142858,248916.0,776500.0,
1000000,142858,303209.0,662208.0,
1000000,142858,238959.0,626667.0,
1000000,142858,271125.0,641042.0,
1000000,142858,229333.0,648708.0,
1000000,142858,273917.0,680333.0,
1000000,142858,259709.0,625208.0,
1000000,142858,259125.0,629833.0,
1000000,142858,282500.0,651250.0,
1000000,142858,276917.0,637583.0,
1000000,142858,381792.0,651334.0,
1000000,142858,260750.0,631917.0,
1000000,142858,238083.0,644875.0,
1000000,142858,256416.0,647208.0,
1000000,142858,266625.0,636166.0,
1000000,142858,231792.0,632333.0,
1000000,142858,337750.0,646750.0,
1000000,142858,357459.0,649416.0,
1000000,125000,812000.0,632750.0,
1000000,125000,419250.0,653125.0,
1000000,125000,398583.0,654458.0,
1000000,125000,269542.0,634708.0,
1000000,125000,232375.0,635083.0,
1000000,125000,258792.0,646584.0,
1000000,125000,435625.0,655791.0,
1000000,125000,355583.0,636959.0,
1000000,125000,264750.0,637500.0,
1000000,125000,371750.0,634291.0,
1000000,125000,263209.0,638291.0,
1000000,125000,391500.0,632583.0,
1000000,125000,214417.0,638875.0,
1000000,125000,621542.0,653791.0,
1000000,125000,410750.0,637042.0,
1000000,125000,276167.0,637125.0,
1000000,125000,242916.0,636000.0,
1000000,125000,397667.0,634708.0,
1000000,125000,308875.0,630792.0,
1000000,125000,258292.0,634709.0,
1000000,125000,260166.0,635167.0,
1000000,125000,533833.0,633750.0,
1000000,125000,400167.0,638375.0,
1000000,125000,374542.0,631917.0,
1000000,125000,282125.0,641916.0,
1000000,125000,275125.0,633333.0,
1000000,125000,400917.0,640208.0,
1000000,125000,269375.0,637292.0,
1000000,125000,462375.0,675084.0,
1000000,125000,315958.0,631584.0,
10000000,10000000,6984458.0,6590708.0,
10000000,10000000,7604792.0,6261583.0,
10000000,10000000,7338708.0,6335833.0,
10000000,10000000,7391083.0,6260958.0,
10000000,10000000,7204709.0,6674708.0,
10000000,10000000,6639792.0,6253875.0,
10000000,10000000,7469042.0,6297250.0,
10000000,10000000,6848375.0,6422083.0,
10000000,10000000,7418500.0,6282833.0,
10000000,10000000,6649833.0,6259709.0,
10000000,10000000,6856333.0,6604875.0,
10000000,10000000,6782541.0,6339417.0,
10000000,10000000,6840416.0,6283667.0,
10000000,10000000,7268875.0,6801333.0,
10000000,10000000,6790583.0,6305625.0,
10000000,10000000,7172166.0,6485291.0,
10000000,10000000,6844750.0,6391291.0,
10000000,10000000,7161291.0,6907458.0,
10000000,10000000,6864292.0,6424791.0,
10000000,10000000,6911209.0,6520334.0,
10000000,10000000,6798208.0,6317875.0,
10000000,10000000,7293667.0,6678667.0,
10000000,10000000,7001208.0,6401792.0,
10000000,10000000,6819458.0,6355834.0,
10000000,10000000,6923708.0,6397708.0,
10000000,10000000,7040167.0,6389083.0,
10000000,10000000,6862833.0,6373125.0,
10000000,10000000,6862458.0,6401875.0,
10000000,10000000,7034042.0,6464792.0,
10000000,10000000,6548250.0,6240209.0,
10000000,5000000,3821958.0,6357917.0,
10000000,5000000,3838167.0,6532334.0,
10000000,5000000,3600250.0,6414834.0,
10000000,5000000,3616250.0,6366458.0,
10000000,5000000,3571125.0,6406833.0,
10000000,5000000,3555958.0,6371833.0,
10000000,5000000,3584042.0,6407083.0,
10000000,5000000,3567542.0,6466250.0,
10000000,5000000,3392750.0,6300834.0,
10000000,5000000,3509083.0,6376459.0,
10000000,5000000,3557208.0,6386917.0,
10000000,5000000,3580458.0,6534834.0,
10000000,5000000,3394250.0,6278917.0,
10000000,5000000,3755583.0,6609708.0,
10000000,5000000,3548417.0,6364583.0,
10000000,5000000,3610708.0,6682333.0,
10000000,5000000,3560959.0,6380292.0,
10000000,5000000,3593667.0,6398833.0,
10000000,5000000,3603959.0,6381458.0,
10000000,5000000,3567333.0,6391333.0,
10000000,5000000,3395667.0,6617958.0,
10000000,5000000,3354500.0,6271166.0,
10000000,5000000,3645750.0,6394833.0,
10000000,5000000,3366833.0,6405291.0,
10000000,5000000,3595042.0,6486209.0,
10000000,5000000,3615000.0,6368375.0,
10000000,5000000,3569083.0,6351209.0,
10000000,5000000,3760292.0,6466750.0,
10000000,5000000,3585375.0,7405959.0,
10000000,5000000,3590000.0,6393083.0,
10000000,3333334,4201709.0,6315791.0,
10000000,3333334,3877959.0,6410208.0,
10000000,3333334,3442625.0,6211959.0,
10000000,3333334,3578625.0,6511750.0,
10000000,3333334,3561000.0,6345541.0,
10000000,3333334,3476333.0,6342958.0,
10000000,3333334,3620958.0,6305000.0,
10000000,3333334,3968709.0,6675625.0,
10000000,3333334,3784584.0,6682667.0,
10000000,3333334,3422583.0,6235292.0,
10000000,3333334,1.2462375E7,1.2776833E7,
10000000,3333334,3622166.0,7524667.0,
10000000,3333334,3781542.0,6796167.0,
10000000,3333334,3579208.0,6364875.0,
10000000,3333334,4038125.0,6314416.0,
10000000,3333334,3748917.0,6596750.0,
10000000,3333334,3598375.0,6355709.0,
10000000,3333334,3488083.0,6276167.0,
10000000,3333334,3618833.0,6366666.0,
10000000,3333334,3920125.0,7334708.0,
10000000,3333334,3879833.0,6582792.0,
10000000,3333334,3595833.0,6326917.0,
10000000,3333334,3569125.0,6365750.0,
10000000,3333334,3747792.0,6644209.0,
10000000,3333334,3446750.0,6511291.0,
10000000,3333334,3592042.0,6302167.0,
10000000,3333334,3546000.0,6335041.0,
10000000,3333334,5307125.0,7674125.0,
10000000,3333334,4133000.0,6630042.0,
10000000,3333334,3433875.0,6791917.0,
10000000,2500000,4106375.0,6367625.0,
10000000,2500000,3470500.0,6322958.0,
10000000,2500000,2160584.0,6329708.0,
10000000,2500000,2442292.0,6611917.0,
10000000,2500000,1986833.0,6251875.0,
10000000,2500000,1942125.0,6306416.0,
10000000,2500000,1998250.0,6742334.0,
10000000,2500000,1982750.0,6465167.0,
10000000,2500000,2006417.0,6363083.0,
10000000,2500000,2193750.0,6319541.0,
10000000,2500000,1840875.0,6348167.0,
10000000,2500000,1989334.0,6462000.0,
10000000,2500000,2275416.0,6708208.0,
10000000,2500000,2098959.0,6396833.0,
10000000,2500000,1890458.0,6442625.0,
10000000,2500000,2202292.0,6445000.0,
10000000,2500000,2135750.0,6367125.0,
10000000,2500000,2004291.0,6702292.0,
10000000,2500000,2134375.0,6425250.0,
10000000,2500000,2143625.0,6337875.0,
10000000,2500000,2081042.0,6384958.0,
10000000,2500000,2156875.0,6410625.0,
10000000,2500000,2058459.0,6424458.0,
10000000,2500000,2087291.0,6353833.0,
10000000,2500000,2207042.0,6552917.0,
10000000,2500000,2116208.0,6385500.0,
10000000,2500000,2119959.0,6382208.0,
10000000,2500000,2152417.0,6329459.0,
10000000,2500000,2718125.0,6238333.0,
10000000,2500000,1865667.0,6475292.0,
10000000,2000000,2278000.0,6528500.0,
10000000,2000000,2930542.0,6315833.0,
10000000,2000000,2932708.0,6313958.0,
10000000,2000000,2862583.0,6357625.0,
10000000,2000000,2802500.0,6351334.0,
10000000,2000000,2892500.0,6305916.0,
10000000,2000000,2797292.0,6386417.0,
10000000,2000000,2934959.0,6337125.0,
10000000,2000000,2901042.0,6314834.0,
10000000,2000000,2770875.0,6310250.0,
10000000,2000000,2885542.0,6358750.0,
10000000,2000000,2831417.0,6361125.0,
10000000,2000000,2873000.0,6316375.0,
10000000,2000000,2413708.0,6355750.0,
10000000,2000000,1863500.0,6238750.0,
10000000,2000000,2431417.0,6326084.0,
10000000,2000000,2406000.0,6344292.0,
10000000,2000000,2418542.0,6340000.0,
10000000,2000000,2429041.0,6304500.0,
10000000,2000000,1879000.0,6267708.0,
10000000,2000000,2369167.0,6358625.0,
10000000,2000000,2432292.0,6321541.0,
10000000,2000000,2517209.0,6248375.0,
10000000,2000000,2386750.0,6353375.0,
10000000,2000000,2423625.0,6366500.0,
10000000,2000000,2401583.0,6350166.0,
10000000,2000000,2481709.0,6288875.0,
10000000,2000000,2415708.0,6341125.0,
10000000,2000000,2458500.0,6364416.0,
10000000,2000000,1865541.0,6273042.0,
10000000,1666667,2863750.0,6300875.0,
10000000,1666667,2882959.0,6329458.0,
10000000,1666667,2847209.0,6332625.0,
10000000,1666667,2785333.0,6284958.0,
10000000,1666667,2617500.0,6578042.0,
10000000,1666667,2939375.0,6327583.0,
10000000,1666667,2891208.0,6337041.0,
10000000,1666667,2847208.0,6337417.0,
10000000,1666667,2510334.0,6534292.0,
10000000,1666667,2758708.0,6284708.0,
10000000,1666667,2789416.0,6271916.0,
10000000,1666667,2827958.0,6306000.0,
10000000,1666667,2772833.0,6286416.0,
10000000,1666667,2892709.0,6386042.0,
10000000,1666667,2890833.0,6299333.0,
10000000,1666667,2838000.0,6334625.0,
10000000,1666667,2822708.0,6304125.0,
10000000,1666667,2478875.0,6318875.0,
10000000,1666667,2431041.0,6340292.0,
10000000,1666667,2418834.0,6264166.0,
10000000,1666667,2373708.0,6354625.0,
10000000,1666667,2636333.0,6385541.0,
10000000,1666667,2418625.0,6387834.0,
10000000,1666667,2394833.0,6366084.0,
10000000,1666667,2401542.0,6348458.0,
10000000,1666667,2387167.0,6310833.0,
10000000,1666667,2405625.0,6330000.0,
10000000,1666667,2410917.0,6337375.0,
10000000,1666667,2373000.0,6349125.0,
10000000,1666667,2430291.0,6344334.0,
10000000,1428572,2952166.0,6371250.0,
10000000,1428572,2660584.0,6354750.0,
10000000,1428572,2201250.0,6309417.0,
10000000,1428572,2273583.0,6311083.0,
10000000,1428572,2466834.0,6516125.0,
10000000,1428572,2139083.0,6392042.0,
10000000,1428572,2127083.0,6312208.0,
10000000,1428572,2183375.0,6387792.0,
10000000,1428572,2866458.0,6340166.0,
10000000,1428572,2668792.0,6500875.0,
10000000,1428572,2197833.0,6340458.0,
10000000,1428572,2137750.0,6360583.0,
10000000,1428572,2220666.0,6353458.0,
10000000,1428572,2546959.0,6471875.0,
10000000,1428572,2152375.0,6359042.0,
10000000,1428572,2159833.0,6362167.0,
10000000,1428572,2835625.0,6378167.0,
10000000,1428572,2194125.0,6339292.0,
10000000,1428572,2894958.0,6281084.0,
10000000,1428572,2212041.0,6296666.0,
10000000,1428572,2163041.0,6331083.0,
10000000,1428572,2167583.0,6386708.0,
10000000,1428572,2168167.0,6340833.0,
10000000,1428572,2187459.0,6331208.0,
10000000,1428572,2150250.0,6363875.0,
10000000,1428572,2145291.0,6334625.0,
10000000,1428572,2108084.0,6319833.0,
10000000,1428572,2552833.0,6499375.0,
10000000,1428572,2144667.0,6334416.0,
10000000,1428572,2105625.0,6313000.0,
10000000,1250000,2753000.0,6353583.0,
10000000,1250000,2063167.0,6385000.0,
10000000,1250000,2062750.0,6393250.0,
10000000,1250000,2028208.0,6402500.0,
10000000,1250000,2101666.0,6447583.0,
10000000,1250000,1994584.0,6388125.0,
10000000,1250000,2056917.0,6351875.0,
10000000,1250000,1879916.0,6325417.0,
10000000,1250000,2045292.0,6538292.0,
10000000,1250000,2042875.0,6345416.0,
10000000,1250000,2039875.0,6421958.0,
10000000,1250000,1343791.0,6456542.0,
10000000,1250000,2108000.0,6587708.0,
10000000,1250000,2065375.0,6352542.0,
10000000,1250000,1992250.0,6330917.0,
10000000,1250000,2092292.0,6332000.0,
10000000,1250000,2092083.0,6360584.0,
10000000,1250000,2335166.0,6587417.0,
10000000,1250000,2026542.0,6348875.0,
10000000,1250000,2019542.0,6353166.0,
10000000,1250000,2062375.0,6422334.0,
10000000,1250000,1977334.0,6367167.0,
10000000,1250000,2025959.0,6359375.0,
10000000,1250000,1812875.0,6340375.0,
10000000,1250000,2102042.0,6349750.0,
10000000,1250000,2075292.0,6369333.0,
10000000,1250000,2136333.0,6426167.0,
10000000,1250000,1949667.0,6344750.0,
10000000,1250000,2253666.0,6595875.0,
10000000,1250000,2310375.0,6573167.0,
100000000,100000000,6.6651292E7,6.2267333E7,
100000000,100000000,6.57095E7,6.2238875E7,
100000000,100000000,6.6188791E7,6.2224209E7,
100000000,100000000,6.5440084E7,6.2255458E7,
100000000,100000000,6.5671542E7,6.2310833E7,
100000000,100000000,6.5463333E7,6.2234375E7,
100000000,100000000,6.5490542E7,6.2242208E7,
100000000,100000000,6.5507042E7,6.22475E7,
100000000,100000000,6.5509E7,6.2232416E7,
100000000,100000000,6.6645708E7,6.2575834E7,
100000000,100000000,6.6077166E7,6.2222417E7,
100000000,100000000,6.5489916E7,6.2257167E7,
100000000,100000000,6.5505125E7,6.2280583E7,
100000000,100000000,6.601875E7,6.2222833E7,
100000000,100000000,6.6039625E7,6.2532542E7,
100000000,100000000,6.5487083E7,6.226175E7,
100000000,100000000,6.5484458E7,6.2229667E7,
100000000,100000000,6.54925E7,6.2259416E7,
100000000,100000000,6.5484417E7,6.222275E7,
100000000,100000000,6.7320541E7,6.94425E7,
100000000,100000000,6.5958958E7,6.221075E7,
100000000,100000000,6.5431584E7,6.2252084E7,
100000000,100000000,6.5467167E7,6.2223084E7,
100000000,100000000,6.5522083E7,6.2230958E7,
100000000,100000000,6.5438666E7,6.2200125E7,
100000000,100000000,6.5510875E7,6.2224292E7,
100000000,100000000,6.6167917E7,6.22665E7,
100000000,100000000,6.5496416E7,6.22485E7,
100000000,100000000,6.5467916E7,6.3586042E7,
100000000,100000000,6.5479416E7,6.2219334E7,
100000000,50000000,3.3967083E7,6.2505417E7,
100000000,50000000,3.3427709E7,6.2198958E7,
100000000,50000000,3.3064041E7,6.292575E7,
100000000,50000000,3.3044708E7,6.2287459E7,
100000000,50000000,3.3041542E7,6.2261792E7,
100000000,50000000,3.3059458E7,6.2253E7,
100000000,50000000,3.3053292E7,6.2306708E7,
100000000,50000000,3.3033416E7,6.2247209E7,
100000000,50000000,3.3078375E7,6.2242417E7,
100000000,50000000,3.307075E7,6.2276375E7,
100000000,50000000,3.30805E7,6.2275375E7,
100000000,50000000,3.3041542E7,6.2291541E7,
100000000,50000000,3.308875E7,6.2257125E7,
100000000,50000000,3.310225E7,6.226825E7,
100000000,50000000,3.3057875E7,6.2277666E7,
100000000,50000000,3.4490708E7,6.2260208E7,
100000000,50000000,3.2960125E7,6.2253666E7,
100000000,50000000,3.3052E7,6.2301416E7,
100000000,50000000,3.3003791E7,6.2256167E7,
100000000,50000000,3.3071834E7,6.2287708E7,
100000000,50000000,3.3065167E7,6.2223208E7,
100000000,50000000,3.3069625E7,6.227675E7,
100000000,50000000,3.3041541E7,6.2274375E7,
100000000,50000000,3.3051458E7,6.2305292E7,
100000000,50000000,3.2973542E7,6.2257125E7,
100000000,50000000,3.3055334E7,6.2261708E7,
100000000,50000000,3.3032208E7,6.2296166E7,
100000000,50000000,3.3297292E7,6.2770291E7,
100000000,50000000,3.3506292E7,6.230125E7,
100000000,50000000,3.302775E7,6.2244209E7,
100000000,33333334,3.4532833E7,6.2203083E7,
100000000,33333334,3.3926416E7,6.2342041E7,
100000000,33333334,3.3683459E7,6.2277875E7,
100000000,33333334,3.3039875E7,6.2447875E7,
100000000,33333334,3.2620917E7,6.2248125E7,
100000000,33333334,3.3014458E7,6.2269208E7,
100000000,33333334,3.30795E7,6.2309833E7,
100000000,33333334,3.3003375E7,6.22705E7,
100000000,33333334,3.3113792E7,6.2337625E7,
100000000,33333334,3.3074708E7,6.22955E7,
100000000,33333334,3.3059792E7,6.2282333E7,
100000000,33333334,3.3247541E7,6.2314E7,
100000000,33333334,3.3032375E7,6.2267542E7,
100000000,33333334,3.3030459E7,6.2335042E7,
100000000,33333334,3.3062375E7,6.2253875E7,
100000000,33333334,3.3049459E7,6.2878917E7,
100000000,33333334,7.2607834E7,6.2623959E7,
100000000,33333334,3.3576041E7,6.2194208E7,
100000000,33333334,3.3394333E7,6.2246875E7,
100000000,33333334,3.3103291E7,6.2571542E7,
100000000,33333334,3.2847209E7,6.23265E7,
100000000,33333334,3.3278125E7,6.220625E7,
100000000,33333334,3.3030125E7,6.2275541E7,
100000000,33333334,3.3018208E7,6.2212834E7,
100000000,33333334,3.3102375E7,6.2249708E7,
100000000,33333334,3.2999542E7,6.2249667E7,
100000000,33333334,3.3027208E7,6.2289416E7,
100000000,33333334,3.3078708E7,6.2260208E7,
100000000,33333334,3.2615125E7,6.2348E7,
100000000,33333334,3.3040625E7,6.223375E7,
100000000,25000000,1.8692625E7,6.463725E7,
100000000,25000000,1.9443541E7,6.2234291E7,
100000000,25000000,1.7252125E7,6.2196416E7,
100000000,25000000,1.7424917E7,6.2217166E7,
100000000,25000000,1.7282125E7,6.2230792E7,
100000000,25000000,1.7266666E7,6.2219333E7,
100000000,25000000,1.7996333E7,6.2192375E7,
100000000,25000000,1.7433166E7,6.2215833E7,
100000000,25000000,1.7598125E7,6.2204375E7,
100000000,25000000,1.7324458E7,6.2929292E7,
100000000,25000000,1.7411167E7,6.2201083E7,
100000000,25000000,1.7349625E7,6.2199167E7,
100000000,25000000,1.721E7,6.2265792E7,
100000000,25000000,1.7402917E7,6.2182875E7,
100000000,25000000,1.726025E7,6.2220833E7,
100000000,25000000,1.7380708E7,6.2223083E7,
100000000,25000000,1.728375E7,6.2200458E7,
100000000,25000000,1.730925E7,6.2211167E7,
100000000,25000000,1.7374834E7,6.2218708E7,
100000000,25000000,1.7395125E7,6.2887375E7,
100000000,25000000,1.7641333E7,6.2595667E7,
100000000,25000000,1.7298167E7,6.2244666E7,
100000000,25000000,1.7263625E7,6.2200916E7,
100000000,25000000,1.7316167E7,6.2186125E7,
100000000,25000000,2.3773542E7,6.221E7,
100000000,25000000,1.7348042E7,6.2834917E7,
100000000,25000000,1.7341125E7,6.2230917E7,
100000000,25000000,1.7374208E7,6.2161833E7,
100000000,25000000,1.7303167E7,6.2201459E7,
100000000,25000000,1.7239083E7,6.2238833E7,
100000000,20000000,1.7682875E7,6.4572458E7,
100000000,20000000,1.8032E7,6.2217625E7,
100000000,20000000,2.0079125E7,6.2210041E7,
100000000,20000000,1.8581125E7,6.2195334E7,
100000000,20000000,1.8746666E7,6.2221792E7,
100000000,20000000,1.8512375E7,6.2247459E7,
100000000,20000000,1.8944708E7,6.2217792E7,
100000000,20000000,1.8699792E7,6.2227E7,
100000000,20000000,1.8237E7,6.2268375E7,
100000000,20000000,1.8547625E7,6.2235625E7,
100000000,20000000,1.8951833E7,6.2298958E7,
100000000,20000000,1.8069834E7,6.2301042E7,
100000000,20000000,1.8491333E7,6.2242708E7,
100000000,20000000,1.7621583E7,6.2357625E7,
100000000,20000000,1.8570833E7,6.2235875E7,
100000000,20000000,1.7982459E7,6.22325E7,
100000000,20000000,1.8296083E7,6.2193625E7,
100000000,20000000,1.8298792E7,6.2191583E7,
100000000,20000000,1.7853E7,6.2213292E7,
100000000,20000000,1.8745583E7,6.2201708E7,
100000000,20000000,1.7732E7,6.2202084E7,
100000000,20000000,1.8598417E7,6.2214875E7,
100000000,20000000,1.8160708E7,6.2248041E7,
100000000,20000000,1.8275875E7,6.2225458E7,
100000000,20000000,1.77555E7,6.2360375E7,
100000000,20000000,1.7875166E7,6.2206042E7,
100000000,20000000,1.829875E7,6.2206E7,
100000000,20000000,1.8835333E7,6.2243125E7,
100000000,20000000,1.8654E7,6.2198875E7,
100000000,20000000,1.8376459E7,6.2231333E7,
100000000,16666667,2.0879791E7,6.2848875E7,
100000000,16666667,1.7923292E7,6.222425E7,
100000000,16666667,1.8003375E7,6.2215166E7,
100000000,16666667,1.8894083E7,6.2201709E7,
100000000,16666667,1.8248125E7,6.22725E7,
100000000,16666667,1.8354E7,6.2207583E7,
100000000,16666667,1.8417542E7,6.224475E7,
100000000,16666667,1.8521791E7,6.2186209E7,
100000000,16666667,1.8238791E7,6.2222916E7,
100000000,16666667,1.808475E7,6.2174583E7,
100000000,16666667,1.7593209E7,6.2188542E7,
100000000,16666667,1.8290084E7,6.2216834E7,
100000000,16666667,1.7688209E7,6.2217167E7,
100000000,16666667,1.7772083E7,6.2218708E7,
100000000,16666667,1.8207459E7,6.2187667E7,
100000000,16666667,1.8661417E7,6.2288125E7,
100000000,16666667,1.8008792E7,6.2242167E7,
100000000,16666667,1.8024125E7,6.2204416E7,
100000000,16666667,1.925E7,6.22555E7,
100000000,16666667,1.7871083E7,6.2215708E7,
100000000,16666667,1.7752667E7,6.2196791E7,
100000000,16666667,1.7504166E7,6.2966125E7,
100000000,16666667,2.2787833E7,6.2584625E7,
100000000,16666667,1.8264417E7,6.2297833E7,
100000000,16666667,1.8268833E7,6.2288208E7,
100000000,16666667,1.8075375E7,6.2270666E7,
100000000,16666667,1.8217E7,6.2331167E7,
100000000,16666667,1.8222291E7,6.2445042E7,
100000000,16666667,1.7909916E7,6.2203791E7,
100000000,16666667,1.8620166E7,6.2287E7,
100000000,14285715,1.8995875E7,6.2262833E7,
100000000,14285715,1.7881708E7,6.2287791E7,
100000000,14285715,1.8302416E7,6.2202333E7,
100000000,14285715,1.8520458E7,6.2627E7,
100000000,14285715,1.8687042E7,6.2292417E7,
100000000,14285715,1.7909917E7,6.2318166E7,
100000000,14285715,1.8547542E7,6.2375583E7,
100000000,14285715,1.7842166E7,6.2377208E7,
100000000,14285715,1.8853292E7,6.2242583E7,
100000000,14285715,1.869475E7,6.2275167E7,
100000000,14285715,1.762825E7,6.2529667E7,
100000000,14285715,1.8067584E7,6.2287958E7,
100000000,14285715,1.8288416E7,6.2187084E7,
100000000,14285715,1.8259375E7,6.291625E7,
100000000,14285715,1.7683167E7,6.227575E7,
100000000,14285715,1.864625E7,6.2247125E7,
100000000,14285715,1.7783834E7,6.226825E7,
100000000,14285715,1.8705292E7,6.2214958E7,
100000000,14285715,1.8090209E7,6.2254125E7,
100000000,14285715,1.8329083E7,6.2220417E7,
100000000,14285715,1.8668958E7,6.2195209E7,
100000000,14285715,1.8063542E7,6.224625E7,
100000000,14285715,1.8594292E7,6.22555E7,
100000000,14285715,1.80055E7,6.2268083E7,
100000000,14285715,1.80835E7,6.2621833E7,
100000000,14285715,2.9181875E7,6.2207917E7,
100000000,14285715,1.8150166E7,6.3047125E7,
100000000,14285715,1.7883875E7,6.2279708E7,
100000000,14285715,1.8364333E7,6.2256041E7,
100000000,14285715,1.8099041E7,6.2417041E7,
100000000,12500000,1.1886875E7,6.2208208E7,
100000000,12500000,1.0047125E7,6.2216833E7,
100000000,12500000,1.7595792E7,6.2194625E7,
100000000,12500000,1.0917833E7,6.2212416E7,
100000000,12500000,1.1324167E7,6.2275833E7,
100000000,12500000,9688542.0,6.2664625E7,
100000000,12500000,1.0426083E7,6.2444334E7,
100000000,12500000,1.0716417E7,6.3090041E7,
100000000,12500000,1.0386583E7,6.2376541E7,
100000000,12500000,9845708.0,6.2319E7,
100000000,12500000,1.0604E7,6.2221042E7,
100000000,12500000,1.0968708E7,6.2218334E7,
100000000,12500000,1.1603833E7,6.2339667E7,
100000000,12500000,1.7034042E7,6.4575416E7,
100000000,12500000,1.0296833E7,6.2260541E7,
100000000,12500000,1.1039541E7,6.2282417E7,
100000000,12500000,1.1127541E7,6.2845208E7,
100000000,12500000,1.1037042E7,6.2416417E7,
100000000,12500000,1.0915417E7,6.2249792E7,
100000000,12500000,9975875.0,6.2853167E7,
100000000,12500000,1.1348209E7,6.2253459E7,
100000000,12500000,9807125.0,6.2204041E7,
100000000,12500000,1.0990833E7,6.2260875E7,
100000000,12500000,1.8322084E7,6.2303291E7,
100000000,12500000,1.7289667E7,6.2234166E7,
100000000,12500000,1.1170458E7,6.2283208E7,
100000000,12500000,1.1292542E7,6.2405083E7,
100000000,12500000,1.1303708E7,6.2196209E7,
100000000,12500000,9735708.0,6.2219959E7,
100000000,12500000,1.0741292E7,6.2382042E7,
